1033 1171 382 44 264 777 869 426 780 18
18 6 1174 481 21 1099 68 46 1 3
1 1350 1440 24 45 18 7 10 2326 145
8 344 33 25 6 2 4 1 2267 503
53 26 35 1 1 3 5 2198 306 265
68 5 51 1 363 1327 617 351 171 7
7 45 5 1 1129 1219 80 192 215 45
12 2 1772 953 166 3 1820 1000 48 1
3 3 1 8 2 6 2 1370 16 550
683 217 20 38 302 2529 46 13 3 1
480 1753 402 213 12 8 9 1 9 4
3 893 495 176 426 557 321 9 17 532
1099 877 262 103 19 2 2426 87 302 78
1 1330 653 166 266 105 310 27 35 2
567 259 401 1290 59 241 52 11 4 10
1610 930 270 1 2 81 2295 145 45 29
285 63 9 22 1 45 2020 192 609 3
1 18 1 4 1 1484 541 49 309 418
9 24 23 11 14 6 5 1 2402 407
84 1 2292 13 515 41 11 3 16 3
1448 932 8 167 140 141 30 10 2 7
4 4 1 1416 769 219 105 135 186 17
21 6 4 14 2 2100 126 340 127 189
2 10 2791 31 66 6 898 286 1242 59
17 38 50 222 28 30 20 4 129 1627
150 218 47 629 48 1 41 1 3 568
1169 41 1075 36 4 1 419 1630 218 400
33 59 69 55 4 1 3 3 637 1682
462 32 18 62 1 2578 305 11 628 375
721 1157 5 7 1 1614 645 512 33 57
16 10 1 2 3 1 2475 325 32 48
12 2 1588 937 62 126 47 2 123 3
4 2 2860 15 16 3 2394 14 442 11
12 12 9 2798 59 29 5 3 2383 472
30 2 2 2 3 546 216 1924 73 88
30 6 1 3 3 2 2 377 278 2092
63 61 19 2 2 1923 334 553 45 35
4 779 1784 102 1 94 57 31 44 2
2461 347 58 18 8 2 2018 749 120 5
2 1593 1184 84 13 12 4 1 3 2770
76 45 3 296 2293 117 82 50 12 4
11 19 7 3 1305 120 127 965 95 261
6 5 3 2 2 3 1517 107 317 898
30 9 11 1 3 1 695 814 714 237
34 17 305 75 3 1890 472 206 285 18
15 8 1405 255 345 305 394 4 53 129
3 1 1343 864 652 23 12 2685 140 46
2 15 6 1982 482 356 38 14 17 2
3 678 160 556 933 334 188 28 14 3
268 1183 397 281 250 400 101 3 8 3
869 1355 393 198 41 8 25 3 2 1467
109 281 846 9 8 95 76 3 200 2497
14 180 3 72 1474 407 578 41 222 88
4 4 2 2 1799 765 233 23 14 31
2 13 6 3 1 2 2 2295 577 6
9 1 4 2 1029 1590 34 109 48 59
1 2 5 16 1 1965 278 94 358 119
30 25 16 6 3 2039 192 476 108 20
29 25 5 2621 83 84 82 18 5 1
2390 171 228 78 10 6 8 3 610 414
955 506 277 113 7 10 2 2629 132 30
58 28 6 4 4 3 1888 588 167 15
179 45 4 4 2 2
