1 3 6 10 15 21 28 36 45 55 66 78 91 105 120 136 153 171 190 210 231 253 276 300 325 351 378 406 435 465 496 528 561 595 630 666 703 741 780 820 861 903 946 990 1035 1081 1128 1176 1225 1275
1326 1378 1431 1485 1540 1596 1653 1711 1770 1830 1891 1953 2016 2080 2145 2211 2278 2346 2415 2485 2556 2628 2701 2775 2850 2926 3003 3081 3160 3240 3321 3403 3486 3570 3655 3741 3828 3916 4005 4095 4186 4278 4371 4465 4560 4656 4753 4851 4950 5050
5151 5253 5356 5460 5565 5671 5778 5886 5995 6105 6216 6328 6441 6555 6670 6786 6903 7021 7140 7260 7381 7503 7626 7750 7875 8001 8128 8256 8385 8515 8646 8778 8911 9045 9180 9316 9453 9591 9730 9870 10011 10153 10296 10440 10585 10731 10878 11026 11175 11325
11476 11628 11781 11935 12090 12246 12403 12561 12720 12880 13041 13203 13366 13530 13695 13861 14028 14196 14365 14535 14706 14878 15051 15225 15400 15576 15753 15931 16110 16290 16471 16653 16836 17020 17205 17391 17578 17766 17955 18145 18336 18528 18721 18915 19110 19306 19503 19701 19900 20100
20301 20503 20706 20910 21115 21321 21528 21736 21945 22155 22366 22578 22791 23005 23220 23436 23653 23871 24090 24310 24531 24753 24976 25200 25425 25651 25878 26106 26335 26565 26796 27028 27261 27495 27730 27966 28203 28441 28680 28920 29161 29403 29646 29890 30135 30381 30628 30876 31125 31375
31626 31878 32131 32385 32640 32896 33153 33411 33670 33930 34191 34453 34716 34980 35245 35511 35778 36046 36315 36585 36856 37128 37401 37675 37950 38226 38503 38781 39060 39340 39621 39903 40186 40470 40755 41041 41328 41616 41905 42195 42486 42778 43071 43365 43660 43956 44253 44551 44850 45150
45451 45753 46056 46360 46665 46971 47278 47586 47895 48205 48516 48828 49141 49455 49770 50086 50403 50721 51040 51360 51681 52003 52326 52650 52975 53301 53628 53956 54285 54615 54946 55278 55611 55945 56280 56616 56953 57291 57630 57970 58311 58653 58996 59340 59685 60031 60378 60726 61075 61425
61776 62128 62481 62835 63190 63546 63903 64261 64620 64980 65341 65703 66066 66430 66795 67161 67528 67896 68265 68635 69006 69378 69751 70125 70500 70876 71253 71631 72010 72390 72771 73153 73536 73920 74305 74691 75078 75466 75855 76245 76636 77028 77421 77815 78210 78606 79003 79401 79800 80200
80601 81003 81406 81810 82215 82621 83028 83436 83845 84255 84666 85078 85491 85905 86320 86736 87153 87571 87990 88410 88831 89253 89676 90100 90525 90951 91378 91806 92235 92665 93096 93528 93961 94395 94830 95266 95703 96141 96580 97020 97461 97903 98346 98790 99235 99681 100128 100576 101025 101475
101926 102378 102831 103285 103740 104196 104653 105111 105570 106030 106491 106953 107416 107880 108345 108811 109278 109746 110215 110685 111156 111628 112101 112575 113050 113526 114003 114481 114960 115440 115921 116403 116886 117370 117855 118341 118828 119316 119805 120295 120786 121278 121771 122265 122760 123256 123753 124251 124750 125250
125751 126253 126756 127260 127765 128271 128778 129286 129795 130305 130816 131328 131841 132355 132870 133386 133903 134421 134940 135460 135981 136503 137026 137550 138075 138601 139128 139656 140185 140715 141246 141778 142311 142845 143380 143916 144453 144991 145530 146070 146611 147153 147696 148240 148785 149331 149878 150426 150975 151525
152076 152628 153181 153735 154290 154846 155403 155961 156520 157080 157641 158203 158766 159330 159895 160461 161028 161596 162165 162735 163306 163878 164451 165025 165600 166176 166753 167331 167910 168490 169071 169653 170236 170820 171405 171991 172578 173166 173755 174345 174936 175528 176121 176715 177310 177906 178503 179101 179700 180300
180901 181503 182106 182710 183315 183921 184528 185136 185745 186355 186966 187578 188191 188805 189420 190036 190653 191271 191890 192510 193131 193753 194376 195000 195625 196251 196878 197506 198135 198765 199396 200028 200661 201295 201930 202566 203203 203841 204480 205120 205761 206403 207046 207690 208335 208981 209628 210276 210925 211575
212226 212878 213531 214185 214840 215496 216153 216811 217470 218130 218791 219453 220116 220780 221445 222111 222778 223446 224115 224785 225456 226128 226801 227475 228150 228826 229503 230181 230860 231540 232221 232903 233586 234270 234955 235641 236328 237016 237705 238395 239086 239778 240471 241165 241860 242556 243253 243951 244650 245350
246051 246753 247456 248160 248865 249571 250278 250986 251695 252405 253116 253828 254541 255255 255970 256686 257403 258121 258840 259560 260281 261003 261726 262450 263175 263901 264628 265356 266085 266815 267546 268278 269011 269745 270480 271216 271953 272691 273430 274170 274911 275653 276396 277140 277885 278631 279378 280126 280875 281625
282376 283128 283881 284635 285390 286146 286903 287661 288420 289180 289941 290703 291466 292230 292995 293761 294528 295296 296065 296835 297606 298378 299151 299925 300700 301476 302253 303031 303810 304590 305371 306153 306936 307720 308505 309291 310078 310866 311655 312445 313236 314028 314821 315615 316410 317206 318003 318801 319600 320400
321201 322003 322806 323610 324415 325221 326028 326836 327645 328455 329266 330078 330891 331705 332520 333336 334153 334971 335790 336610 337431 338253 339076 339900 340725 341551 342378 343206 344035 344865 345696 346528 347361 348195 349030 349866 350703 351541 352380 353220 354061 354903 355746 356590 357435 358281 359128 359976 360825 361675
362526 363378 364231 365085 365940 366796 367653 368511 369370 370230 371091 371953 372816 373680 374545 375411 376278 377146 378015 378885 379756 380628 381501 382375 383250 384126 385003 385881 386760 387640 388521 389403 390286 391170 392055 392941 393828 394716 395605 396495 397386 398278 399171 400065 400960 401856 402753 403651 404550 405450
406351 407253 408156 409060 409965 410871 411778 412686 413595 414505 415416 416328 417241 418155 419070 419986 420903 421821 422740 423660 424581 425503 426426 427350 428275 429201 430128 431056 431985 432915 433846 434778 435711 436645 437580 438516 439453 440391 441330 442270 443211 444153 445096 446040 446985 447931 448878 449826 450775 451725
452676 453628 454581 455535 456490 457446 458403 459361 460320 461280 462241 463203 464166 465130 466095 467061 468028 468996 469965 470935 471906 472878 473851 474825 475800 476776 477753 478731 479710 480690 481671 482653 483636 484620 485605 486591 487578 488566 489555 490545 491536 492528 493521 494515 495510 496506 497503 498501 499500 500500
501501 502503 503506 504510 505515 506521 507528 508536 509545 510555 511566 512578 513591 514605 515620 516636 517653 518671 519690 520710 521731 522753 523776 524800 525825 526851 527878 528906 529935 530965 531996 533028 534061 535095 536130 537166 538203 539241 540280 541320 542361 543403 544446 545490 546535 547581 548628 549676 550725 551775
552826 553878 554931 555985 557040 558096 559153 560211 561270 562330 563391 564453 565516 566580 567645 568711 569778 570846 571915 572985 574056 575128 576201 577275 578350 579426 580503 581581 582660 583740 584821 585903 586986 588070 589155 590241 591328 592416 593505 594595 595686 596778 597871 598965 600060 601156 602253 603351 604450 605550
606651 607753 608856 609960 611065 612171 613278 614386 615495 616605 617716 618828 619941 621055 622170 623286 624403 625521 626640 627760 628881 630003 631126 632250 633375 634501 635628 636756 637885 639015 640146 641278 642411 643545 644680 645816 646953 648091 649230 650370 651511 652653 653796 654940 656085 657231 658378 659526 660675 661825
662976 664128 665281 666435 667590 668746 669903 671061 672220 673380 674541 675703 676866 678030 679195 680361 681528 682696 683865 685035 686206 687378 688551 689725 690900 692076 693253 694431 695610 696790 697971 699153 700336 701520 702705 703891 705078 706266 707455 708645 709836 711028 712221 713415 714610 715806 717003 718201 719400 720600
721801 723003 724206 725410 726615 727821 729028 730236 731445 732655 733866 735078 736291 737505 738720 739936 741153 742371 743590 744810 746031 747253 748476 749700 750925 752151 753378 754606 755835 757065 758296 759528 760761 761995 763230 764466 765703 766941 768180 769420 770661 771903 773146 774390 775635 776881 778128 779376 780625 781875
783126 784378 785631 786885 788140 789396 790653 791911 793170 794430 795691 796953 798216 799480 800745 802011 803278 804546 805815 807085 808356 809628 810901 812175 813450 814726 816003 817281 818560 819840 821121 822403 823686 824970 826255 827541 828828 830116 831405 832695 833986 835278 836571 837865 839160 840456 841753 843051 844350 845650
846951 848253 849556 850860 852165 853471 854778 856086 857395 858705 860016 861328 862641 863955 865270 866586 867903 869221 870540 871860 873181 874503 875826 877150 878475 879801 881128 882456 883785 885115 886446 887778 889111 890445 891780 893116 894453 895791 897130 898470 899811 901153 902496 903840 905185 906531 907878 909226 910575 911925
913276 914628 915981 917335 918690 920046 921403 922761 924120 925480 926841 928203 929566 930930 932295 933661 935028 936396 937765 939135 940506 941878 943251 944625 946000 947376 948753 950131 951510 952890 954271 955653 957036 958420 959805 961191 962578 963966 965355 966745 968136 969528 970921 972315 973710 975106 976503 977901 979300 980700
982101 983503 984906 986310 987715 989121 990528 991936 993345 994755 996166 997578 998991 1000405 1001820 1003236 1004653 1006071 1007490 1008910 1010331 1011753 1013176 1014600 1016025 1017451 1018878 1020306 1021735 1023165 1024596 1026028 1027461 1028895 1030330 1031766 1033203 1034641 1036080 1037520 1038961 1040403 1041846 1043290 1044735 1046181 1047628 1049076 1050525 1051975
1053426 1054878 1056331 1057785 1059240 1060696 1062153 1063611 1065070 1066530 1067991 1069453 1070916 1072380 1073845 1075311 1076778 1078246 1079715 1081185 1082656 1084128 1085601 1087075 1088550 1090026 1091503 1092981 1094460 1095940 1097421 1098903 1100386 1101870 1103355 1104841 1106328 1107816 1109305 1110795 1112286 1113778 1115271 1116765 1118260 1119756 1121253 1122751 1124250 1125750
1127251 1128753 1130256 1131760 1133265 1134771 1136278 1137786 1139295 1140805 1142316 1143828 1145341 1146855 1148370 1149886 1151403 1152921 1154440 1155960 1157481 1159003 1160526 1162050 1163575 1165101 1166628 1168156 1169685 1171215 1172746 1174278 1175811 1177345 1178880 1180416 1181953 1183491 1185030 1186570 1188111 1189653 1191196 1192740 1194285 1195831 1197378 1198926 1200475 1202025
1203576 1205128 1206681 1208235 1209790 1211346 1212903 1214461 1216020 1217580 1219141 1220703 1222266 1223830 1225395 1226961 1228528 1230096 1231665 1233235 1234806 1236378 1237951 1239525 1241100 1242676 1244253 1245831 1247410 1248990 1250571 1252153 1253736 1255320 1256905 1258491 1260078 1261666 1263255 1264845 1266436 1268028 1269621 1271215 1272810 1274406 1276003 1277601 1279200 1280800
1282401 1284003 1285606 1287210 1288815 1290421 1292028 1293636 1295245 1296855 1298466 1300078 1301691 1303305 1304920 1306536 1308153 1309771 1311390 1313010 1314631 1316253 1317876 1319500 1321125 1322751 1324378 1326006 1327635 1329265 1330896 1332528 1334161 1335795 1337430 1339066 1340703 1342341 1343980 1345620 1347261 1348903 1350546 1352190 1353835 1355481 1357128 1358776 1360425 1362075
1363726 1365378 1367031 1368685 1370340 1371996 1373653 1375311 1376970 1378630 1380291 1381953 1383616 1385280 1386945 1388611 1390278 1391946 1393615 1395285 1396956 1398628 1400301 1401975 1403650 1405326 1407003 1408681 1410360 1412040 1413721 1415403 1417086 1418770 1420455 1422141 1423828 1425516 1427205 1428895 1430586 1432278 1433971 1435665 1437360 1439056 1440753 1442451 1444150 1445850
1447551 1449253 1450956 1452660 1454365 1456071 1457778 1459486 1461195 1462905 1464616 1466328 1468041 1469755 1471470 1473186 1474903 1476621 1478340 1480060 1481781 1483503 1485226 1486950 1488675 1490401 1492128 1493856 1495585 1497315 1499046 1500778 1502511 1504245 1505980 1507716 1509453 1511191 1512930 1514670 1516411 1518153 1519896 1521640 1523385 1525131 1526878 1528626 1530375 1532125
1533876 1535628 1537381 1539135 1540890 1542646 1544403 1546161 1547920 1549680 1551441 1553203 1554966 1556730 1558495 1560261 1562028 1563796 1565565 1567335 1569106 1570878 1572651 1574425 1576200 1577976 1579753 1581531 1583310 1585090 1586871 1588653 1590436 1592220 1594005 1595791 1597578 1599366 1601155 1602945 1604736 1606528 1608321 1610115 1611910 1613706 1615503 1617301 1619100 1620900
1622701 1624503 1626306 1628110 1629915 1631721 1633528 1635336 1637145 1638955 1640766 1642578 1644391 1646205 1648020 1649836 1651653 1653471 1655290 1657110 1658931 1660753 1662576 1664400 1666225 1668051 1669878 1671706 1673535 1675365 1677196 1679028 1680861 1682695 1684530 1686366 1688203 1690041 1691880 1693720 1695561 1697403 1699246 1701090 1702935 1704781 1706628 1708476 1710325 1712175
1714026 1715878 1717731 1719585 1721440 1723296 1725153 1727011 1728870 1730730 1732591 1734453 1736316 1738180 1740045 1741911 1743778 1745646 1747515 1749385 1751256 1753128 1755001 1756875 1758750 1760626 1762503 1764381 1766260 1768140 1770021 1771903 1773786 1775670 1777555 1779441 1781328 1783216 1785105 1786995 1788886 1790778 1792671 1794565 1796460 1798356 1800253 1802151 1804050 1805950
1807851 1809753 1811656 1813560 1815465 1817371 1819278 1821186 1823095 1825005 1826916 1828828 1830741 1832655 1834570 1836486 1838403 1840321 1842240 1844160 1846081 1848003 1849926 1851850 1853775 1855701 1857628 1859556 1861485 1863415 1865346 1867278 1869211 1871145 1873080 1875016 1876953 1878891 1880830 1882770 1884711 1886653 1888596 1890540 1892485 1894431 1896378 1898326 1900275 1902225
1904176 1906128 1908081 1910035 1911990 1913946 1915903 1917861 1919820 1921780 1923741 1925703 1927666 1929630 1931595 1933561 1935528 1937496 1939465 1941435 1943406 1945378 1947351 1949325 1951300 1953276 1955253 1957231 1959210 1961190 1963171 1965153 1967136 1969120 1971105 1973091 1975078 1977066 1979055 1981045 1983036 1985028 1987021 1989015 1991010 1993006 1995003 1997001 1999000 2001000
2003001 2005003 2007006 2009010 2011015 2013021 2015028 2017036 2019045 2021055 2023066 2025078 2027091 2029105 2031120 2033136 2035153 2037171 2039190 2041210 2043231 2045253 2047276 2049300 2051325 2053351 2055378 2057406 2059435 2061465 2063496 2065528 2067561 2069595 2071630 2073666 2075703 2077741 2079780 2081820 2083861 2085903 2087946 2089990 2092035 2094081 2096128 2098176 2100225 2102275
2104326 2106378 2108431 2110485 2112540 2114596 2116653 2118711 2120770 2122830 2124891 2126953 2129016 2131080 2133145 2135211 2137278 2139346 2141415 2143485 2145556 2147628 2149701 2151775 2153850 2155926 2158003 2160081 2162160 2164240 2166321 2168403 2170486 2172570 2174655 2176741 2178828 2180916 2183005 2185095 2187186 2189278 2191371 2193465 2195560 2197656 2199753 2201851 2203950 2206050
2208151 2210253 2212356 2214460 2216565 2218671 2220778 2222886 2224995 2227105 2229216 2231328 2233441 2235555 2237670 2239786 2241903 2244021 2246140 2248260 2250381 2252503 2254626 2256750 2258875 2261001 2263128 2265256 2267385 2269515 2271646 2273778 2275911 2278045 2280180 2282316 2284453 2286591 2288730 2290870 2293011 2295153 2297296 2299440 2301585 2303731 2305878 2308026 2310175 2312325
2314476 2316628 2318781 2320935 2323090 2325246 2327403 2329561 2331720 2333880 2336041 2338203 2340366 2342530 2344695 2346861 2349028 2351196 2353365 2355535 2357706 2359878 2362051 2364225 2366400 2368576 2370753 2372931 2375110 2377290 2379471 2381653 2383836 2386020 2388205 2390391 2392578 2394766 2396955 2399145 2401336 2403528 2405721 2407915 2410110 2412306 2414503 2416701 2418900 2421100
2423301 2425503 2427706 2429910 2432115 2434321 2436528 2438736 2440945 2443155 2445366 2447578 2449791 2452005 2454220 2456436 2458653 2460871 2463090 2465310 2467531 2469753 2471976 2474200 2476425 2478651 2480878 2483106 2485335 2487565 2489796 2492028 2494261 2496495 2498730 2500966 2503203 2505441 2507680 2509920 2512161 2514403 2516646 2518890 2521135 2523381 2525628 2527876 2530125 2532375
2534626 2536878 2539131 2541385 2543640 2545896 2548153 2550411 2552670 2554930 2557191 2559453 2561716 2563980 2566245 2568511 2570778 2573046 2575315 2577585 2579856 2582128 2584401 2586675 2588950 2591226 2593503 2595781 2598060 2600340 2602621 2604903 2607186 2609470 2611755 2614041 2616328 2618616 2620905 2623195 2625486 2627778 2630071 2632365 2634660 2636956 2639253 2641551 2643850 2646150
2648451 2650753 2653056 2655360 2657665 2659971 2662278 2664586 2666895 2669205 2671516 2673828 2676141 2678455 2680770 2683086 2685403 2687721 2690040 2692360 2694681 2697003 2699326 2701650 2703975 2706301 2708628 2710956 2713285 2715615 2717946 2720278 2722611 2724945 2727280 2729616 2731953 2734291 2736630 2738970 2741311 2743653 2745996 2748340 2750685 2753031 2755378 2757726 2760075 2762425
2764776 2767128 2769481 2771835 2774190 2776546 2778903 2781261 2783620 2785980 2788341 2790703 2793066 2795430 2797795 2800161 2802528 2804896 2807265 2809635 2812006 2814378 2816751 2819125 2821500 2823876 2826253 2828631 2831010 2833390 2835771 2838153 2840536 2842920 2845305 2847691 2850078 2852466 2854855 2857245 2859636 2862028 2864421 2866815 2869210 2871606 2874003 2876401 2878800 2881200
2883601 2886003 2888406 2890810 2893215 2895621 2898028 2900436 2902845 2905255 2907666 2910078 2912491 2914905 2917320 2919736 2922153 2924571 2926990 2929410 2931831 2934253 2936676 2939100 2941525 2943951 2946378 2948806 2951235 2953665 2956096 2958528 2960961 2963395 2965830 2968266 2970703 2973141 2975580 2978020 2980461 2982903 2985346 2987790 2990235 2992681 2995128 2997576 3000025 3002475
3004926 3007378 3009831 3012285 3014740 3017196 3019653 3022111 3024570 3027030 3029491 3031953 3034416 3036880 3039345 3041811 3044278 3046746 3049215 3051685 3054156 3056628 3059101 3061575 3064050 3066526 3069003 3071481 3073960 3076440 3078921 3081403 3083886 3086370 3088855 3091341 3093828 3096316 3098805 3101295 3103786 3106278 3108771 3111265 3113760 3116256 3118753 3121251 3123750 3126250
---
1 5 12 22 35 51 70 92 117 145 176 210 247 287 330 376 425 477 532 590 651 715 782 852 925 1001 1080 1162 1247 1335 1426 1520 1617 1717 1820 1926 2035 2147 2262 2380 2501 2625 2752 2882 3015 3151 3290 3432 3577 3725 
3876 4030 4187 4347 4510 4676 4845 5017 5192 5370 5551 5735 5922 6112 6305 6501 6700 6902 7107 7315 7526 7740 7957 8177 8400 8626 8855 9087 9322 9560 9801 10045 10292 10542 10795 11051 11310 11572 11837 12105 12376 12650 12927 13207 13490 13776 14065 14357 14652 14950
15251 15555 15862 16172 16485 16801 17120 17442 17767 18095 18426 18760 19097 19437 19780 20126 20475 20827 21182 21540 21901 22265 22632 23002 23375 23751 24130 24512 24897 25285 25676 26070 26467 26867 27270 27676 28085 28497 28912 29330 29751 30175 30602 31032 31465 31901 32340 32782 33227 33675
34126 34580 35037 35497 35960 36426 36895 37367 37842 38320 38801 39285 39772 40262 40755 41251 41750 42252 42757 43265 43776 44290 44807 45327 45850 46376 46905 47437 47972 48510 49051 49595 50142 50692 51245 51801 52360 52922 53487 54055 54626 55200 55777 56357 56940 57526 58115 58707 59302 59900
60501 61105 61712 62322 62935 63551 64170 64792 65417 66045 66676 67310 67947 68587 69230 69876 70525 71177 71832 72490 73151 73815 74482 75152 75825 76501 77180 77862 78547 79235 79926 80620 81317 82017 82720 83426 84135 84847 85562 86280 87001 87725 88452 89182 89915 90651 91390 92132 92877 93625
94376 95130 95887 96647 97410 98176 98945 99717 100492 101270 102051 102835 103622 104412 105205 106001 106800 107602 108407 109215 110026 110840 111657 112477 113300 114126 114955 115787 116622 117460 118301 119145 119992 120842 121695 122551 123410 124272 125137 126005 126876 127750 128627 129507 130390 131276 132165 133057 133952 134850
135751 136655 137562 138472 139385 140301 141220 142142 143067 143995 144926 145860 146797 147737 148680 149626 150575 151527 152482 153440 154401 155365 156332 157302 158275 159251 160230 161212 162197 163185 164176 165170 166167 167167 168170 169176 170185 171197 172212 173230 174251 175275 176302 177332 178365 179401 180440 181482 182527 183575
184626 185680 186737 187797 188860 189926 190995 192067 193142 194220 195301 196385 197472 198562 199655 200751 201850 202952 204057 205165 206276 207390 208507 209627 210750 211876 213005 214137 215272 216410 217551 218695 219842 220992 222145 223301 224460 225622 226787 227955 229126 230300 231477 232657 233840 235026 236215 237407 238602 239800
241001 242205 243412 244622 245835 247051 248270 249492 250717 251945 253176 254410 255647 256887 258130 259376 260625 261877 263132 264390 265651 266915 268182 269452 270725 272001 273280 274562 275847 277135 278426 279720 281017 282317 283620 284926 286235 287547 288862 290180 291501 292825 294152 295482 296815 298151 299490 300832 302177 303525
304876 306230 307587 308947 310310 311676 313045 314417 315792 317170 318551 319935 321322 322712 324105 325501 326900 328302 329707 331115 332526 333940 335357 336777 338200 339626 341055 342487 343922 345360 346801 348245 349692 351142 352595 354051 355510 356972 358437 359905 361376 362850 364327 365807 367290 368776 370265 371757 373252 374750
376251 377755 379262 380772 382285 383801 385320 386842 388367 389895 391426 392960 394497 396037 397580 399126 400675 402227 403782 405340 406901 408465 410032 411602 413175 414751 416330 417912 419497 421085 422676 424270 425867 427467 429070 430676 432285 433897 435512 437130 438751 440375 442002 443632 445265 446901 448540 450182 451827 453475
455126 456780 458437 460097 461760 463426 465095 466767 468442 470120 471801 473485 475172 476862 478555 480251 481950 483652 485357 487065 488776 490490 492207 493927 495650 497376 499105 500837 502572 504310 506051 507795 509542 511292 513045 514801 516560 518322 520087 521855 523626 525400 527177 528957 530740 532526 534315 536107 537902 539700
541501 543305 545112 546922 548735 550551 552370 554192 556017 557845 559676 561510 563347 565187 567030 568876 570725 572577 574432 576290 578151 580015 581882 583752 585625 587501 589380 591262 593147 595035 596926 598820 600717 602617 604520 606426 608335 610247 612162 614080 616001 617925 619852 621782 623715 625651 627590 629532 631477 633425
635376 637330 639287 641247 643210 645176 647145 649117 651092 653070 655051 657035 659022 661012 663005 665001 667000 669002 671007 673015 675026 677040 679057 681077 683100 685126 687155 689187 691222 693260 695301 697345 699392 701442 703495 705551 707610 709672 711737 713805 715876 717950 720027 722107 724190 726276 728365 730457 732552 734650
736751 738855 740962 743072 745185 747301 749420 751542 753667 755795 757926 760060 762197 764337 766480 768626 770775 772927 775082 777240 779401 781565 783732 785902 788075 790251 792430 794612 796797 798985 801176 803370 805567 807767 809970 812176 814385 816597 818812 821030 823251 825475 827702 829932 832165 834401 836640 838882 841127 843375
845626 847880 850137 852397 854660 856926 859195 861467 863742 866020 868301 870585 872872 875162 877455 879751 882050 884352 886657 888965 891276 893590 895907 898227 900550 902876 905205 907537 909872 912210 914551 916895 919242 921592 923945 926301 928660 931022 933387 935755 938126 940500 942877 945257 947640 950026 952415 954807 957202 959600
962001 964405 966812 969222 971635 974051 976470 978892 981317 983745 986176 988610 991047 993487 995930 998376 1000825 1003277 1005732 1008190 1010651 1013115 1015582 1018052 1020525 1023001 1025480 1027962 1030447 1032935 1035426 1037920 1040417 1042917 1045420 1047926 1050435 1052947 1055462 1057980 1060501 1063025 1065552 1068082 1070615 1073151 1075690 1078232 1080777 1083325
1085876 1088430 1090987 1093547 1096110 1098676 1101245 1103817 1106392 1108970 1111551 1114135 1116722 1119312 1121905 1124501 1127100 1129702 1132307 1134915 1137526 1140140 1142757 1145377 1148000 1150626 1153255 1155887 1158522 1161160 1163801 1166445 1169092 1171742 1174395 1177051 1179710 1182372 1185037 1187705 1190376 1193050 1195727 1198407 1201090 1203776 1206465 1209157 1211852 1214550
1217251 1219955 1222662 1225372 1228085 1230801 1233520 1236242 1238967 1241695 1244426 1247160 1249897 1252637 1255380 1258126 1260875 1263627 1266382 1269140 1271901 1274665 1277432 1280202 1282975 1285751 1288530 1291312 1294097 1296885 1299676 1302470 1305267 1308067 1310870 1313676 1316485 1319297 1322112 1324930 1327751 1330575 1333402 1336232 1339065 1341901 1344740 1347582 1350427 1353275
1356126 1358980 1361837 1364697 1367560 1370426 1373295 1376167 1379042 1381920 1384801 1387685 1390572 1393462 1396355 1399251 1402150 1405052 1407957 1410865 1413776 1416690 1419607 1422527 1425450 1428376 1431305 1434237 1437172 1440110 1443051 1445995 1448942 1451892 1454845 1457801 1460760 1463722 1466687 1469655 1472626 1475600 1478577 1481557 1484540 1487526 1490515 1493507 1496502 1499500
1502501 1505505 1508512 1511522 1514535 1517551 1520570 1523592 1526617 1529645 1532676 1535710 1538747 1541787 1544830 1547876 1550925 1553977 1557032 1560090 1563151 1566215 1569282 1572352 1575425 1578501 1581580 1584662 1587747 1590835 1593926 1597020 1600117 1603217 1606320 1609426 1612535 1615647 1618762 1621880 1625001 1628125 1631252 1634382 1637515 1640651 1643790 1646932 1650077 1653225
1656376 1659530 1662687 1665847 1669010 1672176 1675345 1678517 1681692 1684870 1688051 1691235 1694422 1697612 1700805 1704001 1707200 1710402 1713607 1716815 1720026 1723240 1726457 1729677 1732900 1736126 1739355 1742587 1745822 1749060 1752301 1755545 1758792 1762042 1765295 1768551 1771810 1775072 1778337 1781605 1784876 1788150 1791427 1794707 1797990 1801276 1804565 1807857 1811152 1814450
1817751 1821055 1824362 1827672 1830985 1834301 1837620 1840942 1844267 1847595 1850926 1854260 1857597 1860937 1864280 1867626 1870975 1874327 1877682 1881040 1884401 1887765 1891132 1894502 1897875 1901251 1904630 1908012 1911397 1914785 1918176 1921570 1924967 1928367 1931770 1935176 1938585 1941997 1945412 1948830 1952251 1955675 1959102 1962532 1965965 1969401 1972840 1976282 1979727 1983175
1986626 1990080 1993537 1996997 2000460 2003926 2007395 2010867 2014342 2017820 2021301 2024785 2028272 2031762 2035255 2038751 2042250 2045752 2049257 2052765 2056276 2059790 2063307 2066827 2070350 2073876 2077405 2080937 2084472 2088010 2091551 2095095 2098642 2102192 2105745 2109301 2112860 2116422 2119987 2123555 2127126 2130700 2134277 2137857 2141440 2145026 2148615 2152207 2155802 2159400
2163001 2166605 2170212 2173822 2177435 2181051 2184670 2188292 2191917 2195545 2199176 2202810 2206447 2210087 2213730 2217376 2221025 2224677 2228332 2231990 2235651 2239315 2242982 2246652 2250325 2254001 2257680 2261362 2265047 2268735 2272426 2276120 2279817 2283517 2287220 2290926 2294635 2298347 2302062 2305780 2309501 2313225 2316952 2320682 2324415 2328151 2331890 2335632 2339377 2343125
2346876 2350630 2354387 2358147 2361910 2365676 2369445 2373217 2376992 2380770 2384551 2388335 2392122 2395912 2399705 2403501 2407300 2411102 2414907 2418715 2422526 2426340 2430157 2433977 2437800 2441626 2445455 2449287 2453122 2456960 2460801 2464645 2468492 2472342 2476195 2480051 2483910 2487772 2491637 2495505 2499376 2503250 2507127 2511007 2514890 2518776 2522665 2526557 2530452 2534350
2538251 2542155 2546062 2549972 2553885 2557801 2561720 2565642 2569567 2573495 2577426 2581360 2585297 2589237 2593180 2597126 2601075 2605027 2608982 2612940 2616901 2620865 2624832 2628802 2632775 2636751 2640730 2644712 2648697 2652685 2656676 2660670 2664667 2668667 2672670 2676676 2680685 2684697 2688712 2692730 2696751 2700775 2704802 2708832 2712865 2716901 2720940 2724982 2729027 2733075
2737126 2741180 2745237 2749297 2753360 2757426 2761495 2765567 2769642 2773720 2777801 2781885 2785972 2790062 2794155 2798251 2802350 2806452 2810557 2814665 2818776 2822890 2827007 2831127 2835250 2839376 2843505 2847637 2851772 2855910 2860051 2864195 2868342 2872492 2876645 2880801 2884960 2889122 2893287 2897455 2901626 2905800 2909977 2914157 2918340 2922526 2926715 2930907 2935102 2939300
2943501 2947705 2951912 2956122 2960335 2964551 2968770 2972992 2977217 2981445 2985676 2989910 2994147 2998387 3002630 3006876 3011125 3015377 3019632 3023890 3028151 3032415 3036682 3040952 3045225 3049501 3053780 3058062 3062347 3066635 3070926 3075220 3079517 3083817 3088120 3092426 3096735 3101047 3105362 3109680 3114001 3118325 3122652 3126982 3131315 3135651 3139990 3144332 3148677 3153025
3157376 3161730 3166087 3170447 3174810 3179176 3183545 3187917 3192292 3196670 3201051 3205435 3209822 3214212 3218605 3223001 3227400 3231802 3236207 3240615 3245026 3249440 3253857 3258277 3262700 3267126 3271555 3275987 3280422 3284860 3289301 3293745 3298192 3302642 3307095 3311551 3316010 3320472 3324937 3329405 3333876 3338350 3342827 3347307 3351790 3356276 3360765 3365257 3369752 3374250
3378751 3383255 3387762 3392272 3396785 3401301 3405820 3410342 3414867 3419395 3423926 3428460 3432997 3437537 3442080 3446626 3451175 3455727 3460282 3464840 3469401 3473965 3478532 3483102 3487675 3492251 3496830 3501412 3505997 3510585 3515176 3519770 3524367 3528967 3533570 3538176 3542785 3547397 3552012 3556630 3561251 3565875 3570502 3575132 3579765 3584401 3589040 3593682 3598327 3602975
3607626 3612280 3616937 3621597 3626260 3630926 3635595 3640267 3644942 3649620 3654301 3658985 3663672 3668362 3673055 3677751 3682450 3687152 3691857 3696565 3701276 3705990 3710707 3715427 3720150 3724876 3729605 3734337 3739072 3743810 3748551 3753295 3758042 3762792 3767545 3772301 3777060 3781822 3786587 3791355 3796126 3800900 3805677 3810457 3815240 3820026 3824815 3829607 3834402 3839200
3844001 3848805 3853612 3858422 3863235 3868051 3872870 3877692 3882517 3887345 3892176 3897010 3901847 3906687 3911530 3916376 3921225 3926077 3930932 3935790 3940651 3945515 3950382 3955252 3960125 3965001 3969880 3974762 3979647 3984535 3989426 3994320 3999217 4004117 4009020 4013926 4018835 4023747 4028662 4033580 4038501 4043425 4048352 4053282 4058215 4063151 4068090 4073032 4077977 4082925
4087876 4092830 4097787 4102747 4107710 4112676 4117645 4122617 4127592 4132570 4137551 4142535 4147522 4152512 4157505 4162501 4167500 4172502 4177507 4182515 4187526 4192540 4197557 4202577 4207600 4212626 4217655 4222687 4227722 4232760 4237801 4242845 4247892 4252942 4257995 4263051 4268110 4273172 4278237 4283305 4288376 4293450 4298527 4303607 4308690 4313776 4318865 4323957 4329052 4334150
4339251 4344355 4349462 4354572 4359685 4364801 4369920 4375042 4380167 4385295 4390426 4395560 4400697 4405837 4410980 4416126 4421275 4426427 4431582 4436740 4441901 4447065 4452232 4457402 4462575 4467751 4472930 4478112 4483297 4488485 4493676 4498870 4504067 4509267 4514470 4519676 4524885 4530097 4535312 4540530 4545751 4550975 4556202 4561432 4566665 4571901 4577140 4582382 4587627 4592875
4598126 4603380 4608637 4613897 4619160 4624426 4629695 4634967 4640242 4645520 4650801 4656085 4661372 4666662 4671955 4677251 4682550 4687852 4693157 4698465 4703776 4709090 4714407 4719727 4725050 4730376 4735705 4741037 4746372 4751710 4757051 4762395 4767742 4773092 4778445 4783801 4789160 4794522 4799887 4805255 4810626 4816000 4821377 4826757 4832140 4837526 4842915 4848307 4853702 4859100
4864501 4869905 4875312 4880722 4886135 4891551 4896970 4902392 4907817 4913245 4918676 4924110 4929547 4934987 4940430 4945876 4951325 4956777 4962232 4967690 4973151 4978615 4984082 4989552 4995025 5000501 5005980 5011462 5016947 5022435 5027926 5033420 5038917 5044417 5049920 5055426 5060935 5066447 5071962 5077480 5083001 5088525 5094052 5099582 5105115 5110651 5116190 5121732 5127277 5132825
5138376 5143930 5149487 5155047 5160610 5166176 5171745 5177317 5182892 5188470 5194051 5199635 5205222 5210812 5216405 5222001 5227600 5233202 5238807 5244415 5250026 5255640 5261257 5266877 5272500 5278126 5283755 5289387 5295022 5300660 5306301 5311945 5317592 5323242 5328895 5334551 5340210 5345872 5351537 5357205 5362876 5368550 5374227 5379907 5385590 5391276 5396965 5402657 5408352 5414050
5419751 5425455 5431162 5436872 5442585 5448301 5454020 5459742 5465467 5471195 5476926 5482660 5488397 5494137 5499880 5505626 5511375 5517127 5522882 5528640 5534401 5540165 5545932 5551702 5557475 5563251 5569030 5574812 5580597 5586385 5592176 5597970 5603767 5609567 5615370 5621176 5626985 5632797 5638612 5644430 5650251 5656075 5661902 5667732 5673565 5679401 5685240 5691082 5696927 5702775
5708626 5714480 5720337 5726197 5732060 5737926 5743795 5749667 5755542 5761420 5767301 5773185 5779072 5784962 5790855 5796751 5802650 5808552 5814457 5820365 5826276 5832190 5838107 5844027 5849950 5855876 5861805 5867737 5873672 5879610 5885551 5891495 5897442 5903392 5909345 5915301 5921260 5927222 5933187 5939155 5945126 5951100 5957077 5963057 5969040 5975026 5981015 5987007 5993002 5999000
6005001 6011005 6017012 6023022 6029035 6035051 6041070 6047092 6053117 6059145 6065176 6071210 6077247 6083287 6089330 6095376 6101425 6107477 6113532 6119590 6125651 6131715 6137782 6143852 6149925 6156001 6162080 6168162 6174247 6180335 6186426 6192520 6198617 6204717 6210820 6216926 6223035 6229147 6235262 6241380 6247501 6253625 6259752 6265882 6272015 6278151 6284290 6290432 6296577 6302725
6308876 6315030 6321187 6327347 6333510 6339676 6345845 6352017 6358192 6364370 6370551 6376735 6382922 6389112 6395305 6401501 6407700 6413902 6420107 6426315 6432526 6438740 6444957 6451177 6457400 6463626 6469855 6476087 6482322 6488560 6494801 6501045 6507292 6513542 6519795 6526051 6532310 6538572 6544837 6551105 6557376 6563650 6569927 6576207 6582490 6588776 6595065 6601357 6607652 6613950
6620251 6626555 6632862 6639172 6645485 6651801 6658120 6664442 6670767 6677095 6683426 6689760 6696097 6702437 6708780 6715126 6721475 6727827 6734182 6740540 6746901 6753265 6759632 6766002 6772375 6778751 6785130 6791512 6797897 6804285 6810676 6817070 6823467 6829867 6836270 6842676 6849085 6855497 6861912 6868330 6874751 6881175 6887602 6894032 6900465 6906901 6913340 6919782 6926227 6932675
6939126 6945580 6952037 6958497 6964960 6971426 6977895 6984367 6990842 6997320 7003801 7010285 7016772 7023262 7029755 7036251 7042750 7049252 7055757 7062265 7068776 7075290 7081807 7088327 7094850 7101376 7107905 7114437 7120972 7127510 7134051 7140595 7147142 7153692 7160245 7166801 7173360 7179922 7186487 7193055 7199626 7206200 7212777 7219357 7225940 7232526 7239115 7245707 7252302 7258900
7265501 7272105 7278712 7285322 7291935 7298551 7305170 7311792 7318417 7325045 7331676 7338310 7344947 7351587 7358230 7364876 7371525 7378177 7384832 7391490 7398151 7404815 7411482 7418152 7424825 7431501 7438180 7444862 7451547 7458235 7464926 7471620 7478317 7485017 7491720 7498426 7505135 7511847 7518562 7525280 7532001 7538725 7545452 7552182 7558915 7565651 7572390 7579132 7585877 7592625
7599376 7606130 7612887 7619647 7626410 7633176 7639945 7646717 7653492 7660270 7667051 7673835 7680622 7687412 7694205 7701001 7707800 7714602 7721407 7728215 7735026 7741840 7748657 7755477 7762300 7769126 7775955 7782787 7789622 7796460 7803301 7810145 7816992 7823842 7830695 7837551 7844410 7851272 7858137 7865005 7871876 7878750 7885627 7892507 7899390 7906276 7913165 7920057 7926952 7933850
7940751 7947655 7954562 7961472 7968385 7975301 7982220 7989142 7996067 8002995 8009926 8016860 8023797 8030737 8037680 8044626 8051575 8058527 8065482 8072440 8079401 8086365 8093332 8100302 8107275 8114251 8121230 8128212 8135197 8142185 8149176 8156170 8163167 8170167 8177170 8184176 8191185 8198197 8205212 8212230 8219251 8226275 8233302 8240332 8247365 8254401 8261440 8268482 8275527 8282575
8289626 8296680 8303737 8310797 8317860 8324926 8331995 8339067 8346142 8353220 8360301 8367385 8374472 8381562 8388655 8395751 8402850 8409952 8417057 8424165 8431276 8438390 8445507 8452627 8459750 8466876 8474005 8481137 8488272 8495410 8502551 8509695 8516842 8523992 8531145 8538301 8545460 8552622 8559787 8566955 8574126 8581300 8588477 8595657 8602840 8610026 8617215 8624407 8631602 8638800
8646001 8653205 8660412 8667622 8674835 8682051 8689270 8696492 8703717 8710945 8718176 8725410 8732647 8739887 8747130 8754376 8761625 8768877 8776132 8783390 8790651 8797915 8805182 8812452 8819725 8827001 8834280 8841562 8848847 8856135 8863426 8870720 8878017 8885317 8892620 8899926 8907235 8914547 8921862 8929180 8936501 8943825 8951152 8958482 8965815 8973151 8980490 8987832 8995177 9002525
9009876 9017230 9024587 9031947 9039310 9046676 9054045 9061417 9068792 9076170 9083551 9090935 9098322 9105712 9113105 9120501 9127900 9135302 9142707 9150115 9157526 9164940 9172357 9179777 9187200 9194626 9202055 9209487 9216922 9224360 9231801 9239245 9246692 9254142 9261595 9269051 9276510 9283972 9291437 9298905 9306376 9313850 9321327 9328807 9336290 9343776 9351265 9358757 9366252 9373750
