26140
28464
21129
16561
12750
24357
31433
3032
32744
29804
4470
17542
24314
15908
30918
21871
6904
29759
30066
27315
144
32134
11439
18438
27323
5853
15968
18958
20115
32713
20362
5900
14692
20527
6408
17087
29957
23391
20096
27014
18025
17488
29077
1732
31345
10029
25950
2696
13572
31761
22039
29294
13922
5904
18711
27072
2741
26998
26882
13537
22506
26707
25152
27628
15806
15415
25518
18584
31772
7738
6035
2911
21414
1599
10453
15327
21650
3706
10349
18560
4023
12336
26392
18775
24039
15806
5967
27210
12672
15837
19322
16501
9790
3108
9313
3789
17235
25295
17379
15875
9146
12734
22506
2988
30920
26305
20894
13470
6916
2834
7385
7837
7480
23075
27611
17719
5576
13722
27456
28140
4675
6810
29231
26514
26936
31813
723
22776
24139
10111
12047
25290
19591
5108
13677
6324
19190
18012
27224
5578
32623
10238
16780
12328
5040
30578
3018
4053
173
13996
15568
11502
9255
14902
19848
30976
21631
15805
3712
14261
26317
8655
32410
19123
23341
14051
31237
29889
9049
14746
21867
22571
14205
25668
14700
13416
27974
14758
21068
9979
17724
27899
10216
29591
8787
2872
12783
6022
8124
18836
31822
11340
30977
7496
28652
23943
14417
147
5016
30233
7961
2306
22848
18569
31956
13038
19299
30375
26659
1606
11976
23663
3616
30863
27761
8752
3055
12328
22475
14830
1687
3283
9511
19460
29968
6513
9325
22285
20638
19213
5135
1797
8029
12572
8253
1964
3356
31491
25176
22059
1646
30426
29864
22010
2559
28016
28241
11521
9253
32655
23427
11006
18615
26753
1522
16422
32546
18898
8582
18191
5305
25688
12627
9677
18765
25201
14539
2652
10750
6028
3378
17982
3664
22763
23379
3428
27522
21415
13682
7250
29211
1012
15745
2431
10693
12710
16279
17914
32606
5620
20637
4435
31053
3708
17739
25785
1554
392
5459
6496
6433
22416
32475
20006
2545
11776
32305
20597
26960
10042
28090
3179
16633
31711
25132
18488
29032
12619
5885
11976
8685
6494
32540
28067
30464
32642
19934
27153
724
9961
3131
20865
9263
32279
3642
2347
18296
11169
23722
16629
15890
22580
26387
11667
8168
23000
4588
11763
27465
9334
29966
24536
22263
9112
24169
26565
2682
24945
27894
28700
12474
7965
22508
9095
6349
16938
13879
9879
22798
15190
23078
21675
10351
19098
5476
17428
25104
17512
31017
21878
26384
15410
26289
21105
21155
14379
1006
24449
13412
21073
26746
17699
17645
27307
5839
21562
18597
20175
5562
27056
5338
31400
15885
21856
27408
22134
4245
10292
7832
5654
10315
11658
14436
7556
7374
5085
3353
3742
26897
2209
31078
25643
10833
19310
14485
15899
19275
31841
2399
17168
28587
10688
5381
15134
13255
24796
19612
18383
5261
17980
12456
23915
5050
30967
14061
24950
27726
17762
17026
4729
27452
27371
25127
7430
16485
31045
18648
502
23495
2246
13475
12789
10994
21005
14262
577
19132
26855
6076
24238
310
7796
14186
23790
5087
20101
15956
5391
19991
7241
29446
25413
19414
25129
31568
30442
23709
22768
30433
21187
4781
14895
10263
8837
21112
25056
7958
2455
30293
13129
6936
20250
23159
17699
5636
2855
25888
6396
11841
14679
24338
25050
25292
21641
12359
7713
21896
24543
21729
2230
2006
266
7780
9573
17766
4040
5411
27776
12621
16042
3576
22985
10583
16667
18488
25234
29598
4766
10214
5923
27227
17239
24615
29532
6653
28109
8694
8860
1400
14830
8985
15073
1248
4436
4436
13104
29238
26822
17884
6455
6274
17154
19726
18993
6433
20665
5729
13066
15201
20956
24730
23491
23115
7190
13887
16921
25792
27290
3661
18273
9160
23326
25901
13751
15142
15399
25061
8279
6192
4232
23436
9035
17117
27685
21248
17991
17696
3581
13531
1745
7284
23400
30626
19876
27064
8348
27200
21335
21310
14966
18099
14394
19743
3448
23814
21377
15313
28174
27263
32164
9467
24085
28953
23045
25223
17309
9012
25556
3065
31982
14220
16943
2560
30154
14696
10126
2123
8690
10516
16479
14750
236
144
29933
8741
3842
28810
646
23560
18318
27018
12253
2623
7285
17773
8365
28072
1778
9492
3231
20567
5525
22109
23918
15149
7051
22098
30793
10668
25887
17313
13945
12297
5505
21837
20803
18307
4550
10658
17680
13556
7473
366
28619
15782
2737
15214
28299
7783
10154
9223
32370
30944
17400
27958
25813
11042
31538
25290
8860
17794
9003
11985
30444
4775
959
16976
29956
26081
15308
13879
12645
9148
30590
14483
18998
14550
23504
23046
20198
29421
19279
20340
19219
28732
26657
31744
30891
6408
30535
22327
23889
22390
2335
906
22274
415
2861
10498
23544
10726
10010
26671
29134
18826
4861
31074
8166
31095
14042
19484
24840
11618
19304
15045
22603
9492
22040
9889
19769
2054
9810
4097
13102
24367
14338
32438
16385
24858
8019
20171
21990
17467
25018
13684
17555
2947
24631
4673
9634
306
14040
24727
22583
21485
13694
23905
24546
2576
21987
13571
10951
16197
21212
19855
764
24662
17628
316
12082
22847
26554
23828
1688
27016
28084
14316
31740
4817
947
13721
25651
21935
27345
2657
31676
12470
19224
4784
28576
5591
9100
4876
28060
18925
31596
13387
32642
25234
14518
4100
13789
22071
16361
24899
26068
21108
16654
11649
32337
19612
22009
31187
14434
149
21965
24673
9951
20966
446
6682
26957
17170
28443
20646
1538
30501
21131
19612
12170
29068
4247
21494
31050
2089
14184
19650
16227
15271
17874
30746
17881
27147
25490
22869
21237
3980
28372
7551
18663
2469
761
5895
688
4200
23702
8632
30783
23061
16064
746
28122
7403
15751
6650
12992
25406
4544
29943
13069
26058
23048
7582
24797
24647
27909
12937
14516
5182
8431
8355
25886
28186
11343
4319
17810
130
1031
24106
23708
18918
23187
10142
26940
30808
9358
21240
12169
8094
18040
4940
13465
5509
20406
18423
29093
26744
26330
18390
17001
9296
19237
27829
4810
22894
3914
29450
4027
6663
29045
484
24417
25024
29836
28446
9333
7035
7861
5080
20715
14704
280
17703
3025
4991
27878
17676
11897
32708
31130
16291
7386
22893
16511
10397
32052
27080
29042
3312
4851
26528
9449
11469
16598
202
3892
29139
30288
8699
30979
5506
3119
28893
8489
3058
21627
11361
27551
1733
24993
26454
460
9306
18640
20795
18435
8003
25508
337
19534
4602
21762
30709
4714
8911
21827
18989
24850
11301
2452
11137
29825
13534
27292
18956
14898
19732
32352
12498
31210
8970
26980
9300
4088
25698
6931
11618
7355
16272
6497
17969
19814
6542
12207
23981
8704
19409
1263
9488
21679
32381
23816
23476
17973
29397
2428
3365
5051
20981
19784
30075
14798
21443
14348
32743
26791
21027
15467
5003
28079
7274
1461
8847
22082
7958
20675
12145
12211
13244
19491
15516
2193
11585
17270
23101
5929
29773
6677
18002
10572
18429
22779
21251
16723
30424
21471
1846
1119
9221
10656
11614
24038
27835
9190
17555
31851
504
14855
2024
2956
2678
15143
32761
20290
24795
25508
21187
1125
559
25009
17849
10862
16532
3392
9748
6785
3633
22310
2922
4011
29808
13177
10370
1128
2921
829
7783
2408
1438
16704
1467
31122
9192
30275
8782
12106
9649
14426
29935
7919
2404
14742
8066
31400
12578
10720
20307
17249
16311
28712
8618
27408
16844
32448
13984
27709
30557
18178
26160
31425
20846
4153
19345
12750
30714
13759
6851
25391
27693
4194
29801
27601
6867
3852
11222
12675
29455
17060
13162
11770
21840
24879
8991
11032
28289
1083
3423
5230
21376
9853
5657
511
28882
9401
19
24646
8853
17890
9346
22907
2229
3715
2264
25619
27491
25437
1757
6790
17347
16209
15105
16468
15589
129
11504
6218
16631
4275
26216
28673
26297
27894
27719
1193
21297
20615
19945
9476
25503
1781
16048
13493
13235
10628
28132
29883
21502
19407
4286
13625
17575
23474
21183
21624
2143
14439
8262
12078
25494
17647
32610
26113
7151
31156
27365
7239
19442
14700
25530
5136
7938
27968
11384
19302
2446
11310
25398
32467
20875
29100
28066
13604
31521
10126
27469
14445
28068
1833
8777
8269
25799
5561
6646
20851
524
16384
22553
5729
4735
22832
29742
13680
23716
267
29952
10261
2734
13641
11382
22370
1265
4666
1456
464
20634
1708
31058
11835
18078
32527
7200
20526
14064
19415
31692
353
19447
18210
15883
29824
16959
32155
13806
1326
18543
24222
25456
2378
7035
14237
4428
18289
13082
32450
1297
14020
4731
12501
30071
27627
4403
18017
15092
22362
12411
1042
28299
14546
20632
10850
27365
27691
23194
18548
25506
29522
12873
13888
1777
24974
1117
31217
23902
3079
17645
7307
23532
9096
29226
12753
23652
7044
28493
5990
28652
599
3022
12082
16347
11983
2775
6407
28876
26347
16120
12165
15346
25570
3612
19515
12971
22375
29116
5902
24663
22060
18258
25823
15978
19365
1297
26984
11968
23310
9939
16487
28721
20911
26451
4607
16742
3679
6556
22107
9706
583
14017
31892
388
12008
29647
30933
32197
17760
29696
32189
28125
19176
27441
25860
9395
26274
17558
2914
28980
15506
8621
9132
13546
31209
17776
17729
18641
30346
16335
14756
9319
4039
27997
19818
31491
8299
8010
10327
17255
14846
32657
28868
23960
836
1394
15939
19182
24583
3619
8070
11367
17942
28099
14205
31552
25486
3215
13759
12231
31320
25688
11819
19051
5363
29237
5071
29461
30836
28789
23305
8891
30667
27863
1771
2866
3143
3838
9700
12611
22365
8991
413
27906
29093
15613
1570
17499
11045
1815
9282
21486
8402
4639
13112
14877
19284
14511
5515
14434
27402
27448
9522
32486
30030
30779
11004
22096
26362
9403
25903
7131
8234
10482
24943
17324
11588
25923
11746
21858
8502
25456
9618
5870
25855
30733
23571
22949
8305
6196
27749
7571
8245
14203
12059
32531
23823
16931
7101
8861
2147
1938
22892
4830
16889
10499
17092
17678
23293
24701
24839
14206
19018
13313
8823
24176
13800
26888
20483
21292
13778
19501
1574
31056
13309
8486
13581
3688
3479
20216
27640
22462
22924
7275
29666
25204
30799
4284
32100
2511
20695
19603
26071
14294
24296
28468
22457
5148
30355
23545
19025
5338
24832
29696
9366
9792
13931
6177
1870
23565
6509
1827
627
24926
14205
27695
14810
6851
12982
12676
15639
11928
22747
27501
5787
26515
19352
28528
22047
9625
32266
27593
6726
20694
11138
4887
23933
780
11142
12372
2598
23339
18201
14090
6647
12067
29501
9156
17564
4086
5301
16579
420
21521
12559
8947
24986
7132
12514
29470
626
1168
5973
22366
9000
32073
21216
4312
6819
29276
2903
8615
13791
17130
4388
3863
16715
13493
20947
5140
16752
23091
30165
22498
7892
7905
2941
32014
18718
28122
25423
7332
5498
9896
378
418
23615
21594
18595
14509
6608
23254
16868
18435
5824
3697
9749
9137
23353
27069
3146
12806
29086
21922
24988
29767
15471
14257
3629
10148
25453
15028
27494
29291
7167
1418
28547
29052
20693
21554
12882
14845
27851
10021
12087
9038
19728
31977
26740
27967
7815
18915
20391
5761
10861
8813
6036
30555
22077
19240
21285
29854
23248
9107
1455
24283
30409
7901
2167
20947
8240
16120
26997
10287
31069
17903
10072
22386
3352
4473
28362
18475
5630
21710
15604
32367
21799
9401
2885
9862
15365
2543
26735
23013
28047
3487
8883
12380
23199
29770
26463
29073
32153
6869
31637
31405
31054
10717
29261
11349
7968
4938
925
29916
8294
3623
26937
19127
28434
1201
25654
11057
4497
10413
20499
29024
28146
8703
26361
6487
20555
2937
6978
17309
12376
12785
10809
3294
31334
18838
19488
3553
24431
3460
9592
6074
28807
32149
23932
65
2422
11898
32239
4802
20135
24587
23
30966
16961
19932
11018
12338
13459
28177
10024
24287
5045
4723
27369
7722
24172
8131
25817
3068
15951
20302
1760
14637
3368
11969
5831
18421
18845
21055
26616
20131
16144
27825
25221
21137
25795
16989
31596
28503
14400
10683
538
32319
5880
3715
26413
20985
23338
11019
24702
23184
16390
27600
3679
17821
20755
12626
1569
28347
26830
25638
26074
13370
660
3910
21860
1048
25537
29867
6313
13612
24602
20510
5918
165
15720
15435
31886
12211
31334
28183
22297
20868
31965
14899
22140
3442
27406
6385
4243
25979
13392
7255
28444
31985
3322
3187
10941
14194
24963
7661
30537
17435
1256
30435
17727
26873
7758
30192
15507
8896
6633
28558
21681
27840
8476
21919
11712
17684
24034
32070
3875
16669
3436
30459
12102
17967
9740
11487
10391
14985
5201
15180
16338
17035
21364
14257
24450
24099
25842
22941
27845
31369
27515
14873
22863
19500
27915
7483
5809
1260
87
31224
20187
14985
26986
13370
1504
4443
27024
15666
2298
32580
18035
3568
20174
15076
19588
12337
11505
11019
20636
18808
1706
27252
29923
23648
22778
13232
13554
13360
18393
18784
32052
11952
4291
11943
20882
22587
1651
17375
18255
3606
31215
7051
22064
6912
13508
7053
17633
522
26771
16026
13460
27561
14284
2538
4075
26890
15290
2868
24856
421
11200
29401
21315
16149
2530
7776
25387
11047
30854
10018
785
29745
7548
18758
13778
11173
13885
14064
25939
21221
16752
11190
30753
10841
25011
21588
27225
30400
23959
24224
28102
12483
24812
17856
21834
21200
25408
11930
20351
14629
22434
26764
13469
18475
2476
26205
27551
19718
19392
17268
10913
19562
23185
10568
5773
13232
6629
10520
1526
8233
3738
24028
27460
12466
14823
27259
10770
5512
14821
10302
23508
21086
21326
6533
18365
26285
18564
29881
4576
20556
8661
23425
26005
7232
19197
4665
7966
31189
10732
19360
14474
1006
4810
23760
32218
13465
15673
28020
19555
14054
7898
30773
24947
2810
20242
12149
31799
12383
22542
6720
22236
19102
6404
32127
15093
29712
7612
25967
13597
13041
3920
25426
11229
17590
8752
21349
24016
13216
9576
16145
2820
27282
5926
12133
19876
15136
25206
964
26068
2536
10833
8411
31965
5413
17878
3030
9098
2433
20951
17876
4050
22827
31639
31640
23990
2346
26834
23937
22381
26865
24830
13244
2239
26675
7121
696
8623
32504
22787
21466
27740
23537
9557
30323
23081
19720
28882
19695
27676
5692
23125
31311
31364
10924
21579
985
8159
31729
1722
15117
19194
21425
4739
988
15450
27505
6628
19221
29403
13995
12864
16672
19351
4897
8995
11502
22793
21360
5761
27440
13683
22504
7742
28103
21628
10651
13043
20348
6174
19380
4080
20466
11455
14091
4221
19416
28830
13302
29286
1379
27249
1633
8630
20732
4941
8225
29122
31286
30661
19845
26473
29954
29782
4142
30875
12070
4355
7201
25880
5611
16444
11035
3194
9238
1284
6693
25974
3098
17491
1383
31327
21132
17849
22081
3819
27863
10053
30616
21306
14385
18597
9326
18452
23758
29070
1206
14451
29011
14175
3174
27713
29325
26113
20685
30818
25443
28689
18471
20469
10505
10817
10095
31447
30583
22011
21108
5481
25114
16200
4655
32148
25801
29169
1364
20746
30970
18916
32551
8398
2870
25304
18577
32246
25802
11060
30579
17328
24000
7725
20538
17027
27405
26927
26036
12503
23820
127
27426
1208
25131
26398
27790
6871
8677
11760
24926
20177
1008
28189
19754
26804
30647
17080
25291
960
20490
1439
23988
21098
1812
21410
1414
25511
32398
7143
4062
19814
4147
16012
21617
24670
628
32399
1884
18699
13676
19179
28085
16883
7190
8964
16486
15150
21950
6725
12603
6949
31669
16136
17977
31898
30537
26806
32562
3561
29684
12591
31126
30093
16852
7532
1676
24549
15451
14691
26433
6712
2376
11050
9088
24312
17366
352
11908
14147
26675
16585
19978
5551
4915
30008
30634
3655
27206
18866
6246
20433
16296
27600
31364
16979
18135
15973
15769
28373
27978
8033
5351
5223
11104
17653
16360
3686
24983
30200
28971
28668
5630
8586
5983
30950
9709
6647
15534
18298
16371
30430
28748
27624
14864
25234
28239
16576
6180
22208
31169
11444
22184
3154
7411
12704
19868
8852
17429
27847
16320
16789
26116
27743
27143
15313
12131
32337
10057
29452
25581
23610
31800
1153
27145
22709
8085
60
13471
29148
21156
12229
32555
27916
7645
12286
4112
24553
17892
25166
29998
19106
3259
30975
28342
10103
4919
8933
31805
4984
28336
6721
16400
29839
18173
6884
11464
16576
4255
920
12574
19120
14141
9915
22016
14180
19537
3629
740
332
3616
13933
23644
11392
23279
1278
28906
4169
25716
32272
10262
23011
14219
32092
10175
11393
27690
30288
9135
658
4503
32620
19314
13379
10968
11500
19047
18245
20332
32423
3607
27600
17464
25911
18118
19176
8388
8794
22088
2527
21671
2200
8470
10011
8512
24102
30113
5145
23463
26379
32230
12466
2787
23169
28483
2973
13918
18334
27785
3126
30870
11571
20050
27005
10772
18677
17813
4706
14498
25050
3191
27456
32441
4550
6500
1191
12089
21095
2143
12126
10588
20829
11926
4520
18669
20383
3130
8647
1717
4122
4237
10687
32055
6555
25661
14428
9629
20462
11760
9078
24817
10312
1312
32628
8592
31970
1833
12303
18652
17383
17056
30297
3378
11664
27879
8189
31772
28045
5630
15304
27847
13224
20124
30568
30391
6053
29823
2676
16569
31852
6400
21165
15385
11882
13802
1412
8214
16692
9356
6876
14739
28781
2829
21776
25359
2027
13312
2616
14551
5909
1080
4776
23930
29583
734
186
25214
20250
10176
1486
10577
25781
25580
10382
20610
264
6270
12407
305
27139
28598
27285
12485
27075
19534
11149
10973
181
17162
13025
30600
765
21136
21360
29112
9497
19834
1340
8692
15297
10922
17520
12622
13074
12253
24994
2197
236
10883
10069
28619
5785
10959
30914
16857
5551
29962
19928
2178
19511
7468
12417
5270
15374
173
7975
26216
12684
4761
30839
31361
11620
11747
21604
20118
9675
25083
28271
12984
25309
28066
1318
15051
31292
23550
21227
25657
11770
30697
1015
17384
12985
2447
19871
20585
8464
4664
2773
7282
5681
31330
497
5518
18377
26131
14258
6931
3880
9069
29567
340
12194
26499
22771
21785
23605
19819
15001
29516
16492
19349
2548
18677
4226
4954
2243
20329
25803
3800
8066
6333
25680
28926
32052
129
697
3043
25696
21675
21873
24924
18778
2770
17412
8653
9667
21917
6092
3391
9555
11898
11980
27315
4054
10131
21980
2486
5237
6654
3591
566
23095
1075
16689
9876
31176
11460
10748
23546
17528
23880
29421
19695
31878
18840
20683
10793
25247
30527
7240
28066
15522
14635
12004
21486
14758
5033
1805
32715
22334
7312
30603
31738
11260
11195
26139
3917
15155
28605
23898
5890
13825
15057
30181
23375
19853
7184
23231
4670
31374
6375
27891
1211
24077
6855
19066
2539
8043
25886
15454
19648
27557
10119
20512
4043
31191
61
8280
25425
14591
726
4251
416
2820
5934
161
17827
12535
17569
15015
28597
19608
15741
8467
11443
6940
16054
24407
4949
19757
6108
8727
3006
8243
28491
6798
21841
7378
5794
20782
7879
7859
886
2950
25726
2440
16455
18793
2324
20298
27058
7501
23605
11205
3049
25585
945
14679
29793
8003
31442
17141
19402
30848
7148
30574
3140
11677
26677
25076
10192
28134
471
19416
29444
27109
3140
27541
10244
6789
26314
1296
5549
887
30055
24350
20243
29909
27614
12871
28462
4101
20234
29898
17616
5089
8307
10208
31450
13332
26655
2629
4272
32711
4267
21493
14058
7038
18842
24371
25677
21052
25580
25296
14073
16878
23794
8618
30179
9990
2914
13171
18054
2919
8871
19124
27350
23681
122
7185
7030
11453
30902
19150
21034
9243
4968
32402
6287
25625
28966
1643
12042
25304
18851
11539
8190
378
14464
8818
4930
25038
19556
7779
30162
16175
3150
8379
18884
20137
26410
29320
12926
27230
16803
19606
4391
3112
5689
18232
17755
23424
23443
30532
26147
21151
9494
23648
1828
16098
12726
1148
24086
8307
23820
2208
23672
11558
9897
18152
4482
31393
17323
32205
26716
5056
28302
11429
5773
32056
26948
23917
20150
28026
25991
15303
2944
15322
18286
7487
1747
19184
30270
24274
12617
29246
12163
15281
15842
11028
4192
322
5625
1201
18724
17512
18806
9131
12061
31748
20294
20625
8369
9404
10760
22990
28586
20987
17673
19664
17874
20536
7539
19050
14272
15484
3009
31351
31217
13598
16758
25281
27675
2001
20239
9505
28349
226
17974
26855
14075
16314
19512
29563
5289
13482
12473
13381
24230
11240
23719
18379
31083
2516
11628
13849
11235
7296
4200
28774
13950
9840
29342
20980
24705
1694
22701
10296
28576
8641
13059
1595
15822
28879
16973
26432
24916
22721
8241
25767
6944
12182
16448
785
32608
4762
32038
23237
3152
29160
1572
8019
9040
29998
16577
19063
6202
7600
29372
28223
19186
18832
18500
29296
32575
31820
2667
16679
26329
4232
6617
9916
4547
14094
445
26859
14554
26387
14090
22838
5807
9148
22495
26245
17042
15072
32582
29200
16879
24848
290
27518
17374
20180
8803
30798
15093
17208
8572
10871
18784
3975
8983
2635
13108
4183
22279
30625
19201
14277
27006
9779
3239
3330
5248
14661
23146
17679
26007
17032
4168
22724
3017
10301
24969
15383
16839
13981
13465
6811
10343
24697
28947
15687
9556
29470
29726
32121
6660
16763
7932
26938
1771
2694
13280
31940
28399
7899
29952
5442
3867
2470
14828
214
16023
16580
28446
20448
2776
8229
13266
19326
25620
13429
2584
13647
28153
6395
19751
13437
18590
27841
25076
5114
26042
8949
22019
13833
15892
12943
24701
24833
31546
26932
31108
18765
26998
25946
31683
31928
17918
31662
1097
4840
15723
2994
1175
18215
11884
1963
15095
24426
1212
13242
1296
1163
16465
24649
16568
28634
31959
9128
12041
4564
3420
22264
3511
5682
77
23113
23200
26918
8097
25599
30117
8673
16724
24442
5305
30296
31767
7926
15927
7240
5190
25775
15737
15223
13594
1865
17830
21822
18976
13680
14027
17732
3305
7356
14638
16268
6915
30679
8927
28594
10281
18401
23439
7537
8375
15635
12965
31337
20577
4771
23439
32031
24867
25064
1110
27974
18043
12479
14966
1341
26839
16173
4588
19672
9545
22598
17040
4451
30082
10829
12197
7908
21502
27164
3503
7841
12412
17862
6788
16098
2225
27260
7078
2040
31037
8621
5840
638
23262
18801
30927
4831
16356
11304
7827
11801
26085
31582
29830
19392
28593
29171
8221
14661
31624
24952
26540
12920
27019
11995
19582
25420
26225
583
2853
14042
3707
11846
30223
6057
15530
4649
24154
1325
23087
31657
32489
8845
16931
19406
7608
8874
3448
25360
22380
13660
23344
6333
18735
23038
26828
16794
3258
15150
3848
2509
15027
30670
30405
9722
26426
32078
6727
8109
19647
22318
26272
16632
6422
6078
4460
25437
4301
15913
30399
9709
31933
15793
4956
20146
5599
2620
28456
23371
25441
19984
3038
1238
16121
11483
11267
15123
29562
14326
1565
23237
10661
30698
14368
9052
5953
12084
3881
12242
9326
14917
30574
30419
31542
12493
10357
5664
13669
11321
24965
27957
7322
22394
19035
19242
12447
11273
19485
13271
26614
40
30356
59
24244
19050
17813
24095
26515
15989
23232
29430
13122
9991
32622
9736
511
8503
740
21967
4968
7422
18637
31905
18574
18165
7143
2192
11340
16224
6396
27279
21975
17004
17940
8406
22933
9653
10729
16519
15411
20235
30619
17041
7154
2166
8869
6100
1089
21879
28432
18567
8081
11665
20966
8919
15205
16392
13802
15569
21160
9449
30854
19842
4676
8010
13061
8541
3056
21715
9218
11741
2889
7806
19744
2155
16677
22170
6396
17537
14628
18454
7520
32016
19848
8956
19898
3359
3398
6716
12748
15285
18524
3755
29860
24314
13926
27467
24527
15001
27500
5837
5834
7528
3839
7764
9913
587
2436
32124
15963
14422
7119
10139
8766
22065
5364
13895
12591
31937
6745
24856
3317
11524
13840
8878
15167
13629
8036
12022
21210
31058
29106
7850
2343
6770
17787
29719
13261
16890
24502
23843
4779
5018
27499
22158
30225
2740
29053
5240
5423
18180
712
21540
10445
3206
18539
31483
7741
31380
28263
9940
30350
15951
7274
4978
9731
17473
28901
31054
1987
11585
12900
18839
14802
2710
11039
27512
30016
9567
25292
24217
13985
21810
10936
26344
19133
10755
12310
9625
5000
27975
2199
17259
6484
15962
27963
4142
15429
19998
5990
15234
6661
32230
29750
2785
31674
26002
8724
12512
24629
1275
27785
10673
30316
9361
14931
16621
7211
10562
8633
9360
13574
24478
5915
10566
28050
569
27085
9189
16085
32593
806
31802
17914
16817
7123
23816
17481
213
23409
9550
23383
23631
5724
32457
22906
18026
7617
15802
10880
524
22011
28137
16545
14305
1820
12522
2481
26293
7113
20895
17563
13090
16972
12542
19210
23148
9188
28692
9065
19625
9823
31562
28430
12837
27627
23272
2226
24580
1322
27863
26405
41
2436
27563
6207
28759
2497
26337
26650
7318
4311
4196
2174
22745
9984
854
19613
32221
2832
26638
19713
19796
5638
6493
1986
24899
31969
12054
20732
10921
25781
4557
10112
17249
31997
31710
16842
5961
5171
2994
26420
10404
23198
19261
26985
29629
18284
20683
21019
13774
21504
23805
6393
6943
397
6670
30171
6258
23780
24667
9024
29599
29834
9251
9467
16252
29966
28811
26409
20223
24473
5093
18790
25511
3783
24881
27201
6935
32181
10980
18157
24581
1372
23273
825
25170
1053
19430
28097
23162
9116
18368
5222
7215
12498
20321
31997
15425
14942
4025
22084
19905
26908
10242
13594
31334
18169
9545
12783
31279
26630
22314
31353
11850
10699
25051
11176
25397
31965
12652
2013
32291
27827
12876
23895
6561
22965
29456
12525
21881
6550
4976
259
24023
29156
9362
13495
28074
8413
24204
2907
20557
26757
20260
8232
9831
20469
26073
22064
29200
3830
296
16533
11829
22478
24840
23289
30013
29530
8887
9781
31468
25437
10680
32078
23944
32536
6685
13989
4667
15899
18434
25965
28857
9562
16474
20322
8738
2691
20206
27320
30506
8591
9634
30802
26999
2200
2298
3637
19531
17898
9694
9788
28770
27740
29850
1293
16158
23009
19753
3403
4321
17498
4275
21262
17082
2222
3156
912
20293
28701
31007
29993
28364
24529
15715
29565
690
9910
21292
7156
20498
23948
30733
24170
19875
3387
2589
30248
2271
3942
13888
28435
26212
23874
23464
2852
16794
16553
18587
7192
12182
7018
13430
9577
26942
14564
6898
23164
8366
24019
23718
19740
17883
2665
18637
24615
32374
8865
29770
21127
21780
28880
489
30308
25483
13948
16360
26776
31903
16242
16054
23652
6366
11027
17658
20321
2760
24559
17623
14777
15923
23957
13934
3734
1774
24744
31653
8411
17061
3382
12583
16403
20996
4934
4269
8614
11551
432
18555
27219
5906
15154
27693
27610
13540
16831
25267
27385
2994
19482
30107
410
10761
22948
25998
29003
147
14451
10270
31214
11766
12707
12991
2226
16889
20465
30482
21314
15337
29829
29802
13116
18491
11792
649
21988
370
1559
14762
5146
14403
14479
7109
1673
1783
2473
25358
10786
13330
11759
6590
10441
10290
30864
24343
6733
31545
17400
32162
20894
23726
18596
14012
2618
23393
22069
26448
2537
20558
8899
27110
2730
28868
9331
23005
237
19399
10572
7156
4610
14002
8518
20496
20178
27937
20132
4153
1741
26637
20612
8421
18211
12345
15285
30329
23095
12237
13768
13325
23377
18241
18026
1903
12946
10621
21233
1643
3374
17215
30772
29002
9685
12732
13984
32409
29042
3210
9352
5164
1048
1725
6845
4450
16953
11089
3935
3753
12826
14536
4850
13893
387
24595
9140
6734
5051
27318
19246
11256
11188
3112
14858
14360
1666
25208
22052
3299
31249
27190
28388
11512
27672
27025
3018
13217
13641
5821
2378
20053
17611
32152
30683
28546
6121
26764
29003
7818
23052
20663
22613
2315
16614
6473
13941
14692
30961
6702
11259
5749
13848
15854
9823
4262
15539
14033
20692
8234
30393
3910
29471
30853
26929
6533
12970
5451
7658
628
27092
1067
21868
3015
2444
4141
5422
12652
14622
12856
26122
15910
10316
27351
22253
4984
18337
26940
6099
10436
23298
9094
16627
1460
6790
17471
6710
15321
21896
4393
30446
9106
19450
12090
31173
24624
12795
26597
21747
28503
4524
21403
23221
18343
32576
3474
29178
19100
21331
21701
17247
3507
24445
15932
12893
16079
20774
23693
30401
10202
13980
163
27229
5551
23138
30654
24318
9784
26828
27323
4254
16851
5064
17046
2010
17403
10495
13869
166
5924
19997
25926
10559
18406
22380
9428
19809
21342
27816
24694
16827
13522
28687
13633
9120
30355
23479
10687
16639
18984
2340
10039
15509
27560
5914
6191
16993
21608
25008
20528
24664
214
16550
8393
22363
19877
32760
16342
30822
12331
18099
25347
25098
19975
24584
13451
12829
14342
6815
1350
32688
19528
12846
24546
12609
926
30537
24944
818
11831
10620
31523
21114
25468
14231
341
32667
10552
23113
11211
32212
5628
15600
27450
25239
29378
10416
14346
2365
8144
26050
15961
7929
16607
18191
2883
11018
29821
5118
8033
26421
6832
17546
2703
31859
28380
17303
29939
30695
30950
11142
14651
3090
6554
12551
29733
29258
13898
12334
11589
104
18360
4042
32003
18114
20535
28402
21475
19033
32012
20704
18185
12115
30490
15107
1532
26539
9919
31055
23978
14887
28409
31960
27820
13706
9165
2207
27852
25611
16361
8363
13764
21255
7560
28508
23881
17139
13974
5373
6216
5012
12308
5528
16752
16498
13503
22798
10480
394
25324
29030
4482
25667
20919
7014
32424
28835
29020
11616
14389
11971
19173
26703
10000
8320
25350
24355
28469
884
17477
26712
27388
28453
29789
19917
27550
9083
22757
11988
25333
7032
20269
18565
23171
14371
31593
6233
23478
6085
4881
3316
11626
27992
9863
14657
2736
27709
11771
15812
14030
7213
23948
23596
4743
10610
1199
26920
5788
1367
31957
4220
22418
27357
27464
8020
30390
7087
23126
18648
9311
26968
28082
6400
6003
24244
13847
2474
7724
7588
26670
28138
11292
17670
31410
10145
2415
29413
28626
23377
1905
14060
19927
5679
24144
2337
2822
6778
6178
6352
28872
17932
11561
1988
14856
18223
13654
26045
28893
5041
21261
31
20329
22075
15144
23016
10241
17886
32318
24548
6285
7151
30501
11556
3378
7189
693
29612
22063
25248
25807
23916
21765
27932
32414
31090
1243
4390
14877
2397
25120
21887
20186
17173
30066
24927
17401
23225
1471
30220
21371
26841
13738
9898
4801
230
4144
16981
1099
3046
18571
9325
30406
15212
12630
24369
21830
10440
12019
29840
19664
29819
10538
4411
27419
31214
16402
32255
6807
27491
18485
15186
8111
27179
20975
31532
31563
28441
16407
27928
22170
5944
12769
4234
23566
10425
17411
371
8616
25647
27927
29459
2165
30207
31041
19726
13657
7185
26897
7875
1803
21452
14251
23769
11617
9282
19493
7450
17870
22695
6704
17541
8489
16136
13819
23454
5807
16185
24404
32009
2124
24080
18449
4695
31766
208
6574
21280
28442
1256
32311
14930
17756
32734
12392
26056
31513
15238
22292
5151
31567
17015
12227
13509
16256
4287
19615
15954
7346
15574
27025
16156
25018
11473
7335
23557
10938
11224
26041
12696
3561
29658
24908
19285
1426
32639
8886
9544
15200
14431
31107
27617
6360
21873
9752
28159
16679
32198
16790
30030
22558
887
23809
30931
14971
19164
7074
24005
2922
12798
19625
15007
15179
3151
18455
20595
27574
1689
4827
11905
21692
1845
3643
13320
3952
24189
13942
25692
27047
23427
13480
16697
9979
6404
18413
8023
21270
5783
18889
10558
2349
29226
20936
1116
21706
21935
15457
19541
4047
27923
6432
22682
25016
30832
17413
61
17440
20099
11815
20484
12422
25440
6556
26300
23378
10084
19613
27599
8211
21100
32742
21529
779
28484
3164
26872
27629
15203
7154
17826
32229
11989
25037
16060
12505
16504
7591
26664
4079
14955
28273
11550
16719
12996
14396
11902
15146
31873
8537
23396
18939
9410
27327
30717
19468
20533
10158
1690
17980
3281
6290
18179
13825
27591
11562
16398
17577
30645
29161
1904
16357
23325
27805
15314
31623
19223
11342
25896
139
2626
4201
12094
11604
6144
2846
12947
11065
24547
25350
16235
23872
32098
14345
24352
11305
26577
20351
32697
21423
6800
27541
32189
5386
3458
12786
74
29368
4544
26011
23393
22909
26255
30740
27780
23209
6800
13769
9603
23449
3383
4524
14739
24192
9342
21534
8352
18536
2779
12563
25828
18547
2415
2417
28345
17511
21120
23482
17067
28265
20521
10219
26066
26633
19280
19108
23647
5759
32473
5000
30324
3124
27417
6887
24377
11141
32142
6811
8748
26307
24781
20015
6840
16766
2235
7751
522
30467
20224
6971
3872
27171
13241
2822
23842
16950
5741
3679
3062
22880
31555
8485
20239
24595
12402
31232
24197
22997
26616
3398
32363
22340
6543
14107
4189
4439
16605
20701
25432
18918
19435
13759
13774
5485
19928
31411
7674
29197
18895
23950
19570
20435
10806
12134
23803
28221
14376
15935
10656
13050
10022
487
21510
24050
2313
4127
30970
16006
15931
7163
16972
19993
13863
1164
19168
21455
5102
14012
2306
30100
2908
26232
13050
23137
2586
25365
20960
16826
293
2796
30386
13436
25214
8776
17828
13013
10020
4483
19383
916
28991
20075
21133
2211
7838
29930
9852
15569
24419
21223
737
16085
9469
27495
6327
3472
32087
13560
25448
22931
11855
5967
16354
4065
9578
27696
31214
502
4038
1934
17341
20232
11856
2804
19396
29324
14902
2083
25803
7164
28064
14077
29760
13272
1179
17057
6864
12779
19029
29144
19257
10447
1680
11952
17241
10931
24401
12646
7051
27484
728
21129
24628
17258
11733
18525
27033
30941
25049
21374
26100
28887
24587
7877
18886
11939
15388
22127
6766
17399
7037
14972
18171
5750
29903
12374
831
7801
25499
6067
22820
783
25667
26300
25668
14147
3128
20847
27571
31901
4718
66
19999
28395
15373
6665
29724
32064
362
9497
15545
29758
32565
942
6231
32145
2036
3978
17851
14524
27055
6367
25953
20760
15341
19567
22291
13593
18912
17650
5563
21204
27869
19384
1398
32190
27407
3215
26601
25015
11883
16615
27352
10055
26598
5684
1268
11559
29414
21396
5365
31491
3319
690
30441
20862
13760
8170
972
31607
19253
5550
12120
17546
13838
1832
14366
14554
14967
11808
7638
4622
16649
20513
20980
30106
11257
3799
22140
26688
3215
6076
16150
6870
19674
30452
18533
29769
8611
4468
31125
31970
22687
2666
1075
3784
22248
6105
22082
28615
23470
2692
4747
14415
23338
3342
25396
11200
1492
24159
23188
26084
20438
2890
22086
445
3264
27500
6268
7554
29565
25943
2966
24548
7814
15856
25588
25237
23637
30485
5128
9739
25629
387
18095
29314
17080
17911
21441
19008
5089
18836
25318
20764
23459
29061
12460
19777
5137
10723
10711
9520
17208
29657
20729
32516
11602
7942
8770
25850
30525
12834
27032
4912
19755
18149
16106
21165
24986
23844
7362
1442
22663
26942
17690
18671
29406
8630
26737
20201
3638
20513
17182
22363
19643
10563
9443
26827
31083
28789
5829
12030
31878
27209
4891
8894
29759
25201
998
24282
17848
18653
31584
18031
14893
10788
23256
24678
31856
1829
23484
3134
2709
20462
12024
29707
28654
1501
9854
24511
23354
18692
7462
19881
25881
21714
4281
29755
6851
12272
8776
4368
8442
4970
28867
10542
829
19727
455
7816
831
8474
11446
16071
31895
28434
15373
12105
12473
7662
14578
23146
3877
4989
5389
16899
19934
15109
9881
23345
26142
24363
10939
22360
18760
23314
16914
32359
25118
26311
7055
32349
13876
733
16775
21516
15268
18260
15622
12572
14084
6592
871
852
13717
3750
25121
277
30653
31274
23780
24359
24504
29671
12773
5049
14474
21023
30838
19106
26936
24596
3545
28397
26679
21429
17494
28053
805
18045
2187
5517
20151
13721
28932
14595
21235
19785
27659
29670
18335
904
32705
15270
29945
17903
20590
7227
3240
16087
24854
18024
3827
30142
16973
21313
4145
20204
9035
24811
29312
11861
31043
27811
26554
16834
12529
3585
20389
13868
7795
30590
18026
23656
8025
24629
30537
266
8959
15078
1930
31619
3355
24128
11703
14476
9874
608
18696
17352
4240
14229
3359
5284
28119
14950
5621
8835
13911
18646
30741
1048
26879
23782
8456
7698
4052
28764
7184
9471
19008
11715
3865
30314
20908
12979
1004
3399
11345
18258
20902
5522
586
12059
14952
25394
18670
30430
4433
20515
14430
25608
31913
17876
16218
26917
10335
30158
26969
17315
31926
1431
27352
9945
11579
12758
18418
6216
13306
11447
18737
24864
3313
15249
12964
14598
17861
22471
28977
3604
13748
22252
12845
3617
29131
24106
6442
21827
20825
9444
2064
26003
5795
19098
11632
19504
4057
17421
19732
6023
17481
9124
30427
721
467
16655
8132
31452
24221
1066
20808
24591
776
22308
25325
10665
20450
992
29208
20041
13533
155
3106
5555
19263
28624
16047
14289
2268
22360
571
27896
8001
21206
13046
21357
23347
17746
3026
20008
6232
20004
22490
16599
7475
1300
19909
19750
29526
16831
18891
30014
4050
29245
22967
18315
24563
17664
20286
30659
3626
10751
19599
2340
4939
28436
32555
28157
26616
31651
31991
16495
27229
28541
30607
30837
19487
10500
14814
17186
7310
30351
9196
24362
17186
30480
6390
8868
32293
28148
5060
3598
14765
3658
21815
4242
21197
296
24866
24967
6924
11082
15706
4923
12310
30205
10001
17136
31666
7995
12895
2596
28660
21784
2082
5398
21428
8285
13832
645
13119
25202
17642
28859
18763
27265
2396
23498
29745
26072
25218
12566
2902
12175
23333
15379
10474
17259
24837
20560
15318
22531
1649
21685
30191
25633
534
5129
27248
4971
24853
30390
28839
28227
8024
2513
7918
14571
6693
30549
29149
19949
4339
21423
29630
30650
10365
25728
30785
3473
9238
17566
16498
22434
18748
2396
6887
32372
8559
19723
21566
2436
3652
17088
3015
12591
25525
14168
16509
2001
31931
9146
10811
15919
32287
13404
13100
1810
15244
27145
9604
24117
29418
14305
24941
13921
20967
17057
12100
21207
31190
9508
518
20462
30141
24106
15877
7933
22185
19289
22496
31099
27205
21889
24497
3941
16299
12836
19592
29920
28282
24118
7193
4896
21545
13857
6833
8328
15259
20236
26479
25619
8947
30045
2224
18418
5033
29820
9419
32631
16606
3034
13055
17457
24556
13619
14505
28249
28482
8208
26298
27756
24431
1679
11113
24090
21116
16230
3109
22111
25983
12582
23502
2288
14445
2749
8484
26328
10288
25919
16768
28259
28409
13030
17346
12859
7896
8023
16266
23505
10890
17702
19627
11518
28818
23709
1756
17643
31883
18361
31153
11310
29372
8054
2250
27701
23021
9804
10315
13800
14201
17402
31115
23434
12709
28290
8209
8672
11312
9333
25276
11414
4907
23664
27969
2526
18443
3559
17883
8538
25853
14113
19261
2620
19065
1156
20172
3244
11034
32019
7947
21098
2477
22581
5718
2740
23944
24760
468
1386
20765
2325
29863
2416
20174
5366
23397
27220
20483
31733
25548
8496
8826
27047
3249
27858
6111
32473
29242
15643
21405
14361
10829
28069
10995
7545
17736
5032
19274
8079
18163
25375
6854
17856
11187
28454
1819
4543
19968
18855
13986
15440
16408
17973
20396
12114
28149
25656
18966
24828
7037
9291
32541
29799
4858
19682
27508
17228
6089
25136
22420
13584
29014
21832
23124
1789
8776
11906
27065
27091
8184
14112
28175
6271
7720
26161
2872
19498
17138
5302
5189
12661
22270
15620
23875
17155
17912
18793
24407
11577
833
13842
25358
8001
9957
2604
9454
11605
22222
27722
10321
10298
20535
22023
11379
3594
9571
10988
30665
30775
910
13972
28052
10957
5412
22029
8631
10487
21553
20610
24261
29381
24856
8983
21087
20524
12681
17429
21437
19791
11181
8519
30858
19452
419
23972
27637
20090
24880
4653
15365
24450
19378
5657
4396
15243
10838
4656
1056
8011
29323
25461
1510
24442
28343
4359
3631
11737
32552
22857
1000
12147
26445
6721
5133
18466
31526
6462
27326
16214
16633
28094
660
8722
23367
5006
32309
1591
20222
26675
16422
4869
31216
6025
13537
29407
19844
15274
808
4686
8619
13329
5784
20553
13334
30720
14465
948
10151
26654
10997
31270
6181
25445
31263
21487
5683
9019
30678
24922
8067
8927
5490
25903
26439
5639
4063
24700
744
13000
8688
19349
20219
21173
12533
24666
8305
12107
10127
22968
5645
15757
29379
19571
7708
27883
21838
32034
1120
19816
1336
22395
7245
24828
18348
27344
23416
7223
32519
4058
30796
23080
24367
7094
24830
18301
15398
17453
7876
2283
9951
6456
31042
8401
19536
14275
28229
22552
19144
6578
20916
11869
29059
10018
10692
5458
7804
27889
7018
31585
11906
7296
31510
27027
13198
14519
21918
14513
25940
5194
1400
8617
24
1339
10285
11570
1475
29089
2058
18099
5430
6567
19993
30305
19422
17111
4176
1704
25992
10393
4103
6349
3703
22006
15536
27857
7092
19618
20162
24728
7590
7482
3830
27211
226
21706
7606
4602
12612
25490
20178
11910
29503
24842
28022
27070
26481
20771
31833
20424
27771
20176
17974
28099
21263
16325
21120
17322
6219
30078
4690
3451
6725
24452
22949
10137
31463
13036
30917
4719
9469
11040
2566
22871
10124
18402
18354
24762
23397
11405
32327
24440
1787
1182
28383
1930
29810
4468
13808
8678
11768
17748
2613
8610
21592
4016
26604
29277
17356
16041
31810
1499
31507
6610
25868
25839
30916
6711
6327
18334
738
25502
2690
30849
3248
25356
24298
1899
11975
13963
17510
3916
25957
16939
17493
4949
2312
5703
8245
14173
13628
2825
3861
22404
4529
13616
28493
17174
12688
6161
16492
7858
32015
14556
31090
12715
22852
30497
3904
8878
566
20115
16204
26533
19258
26123
29337
27868
14717
4048
19687
14178
11485
7957
15399
1715
2813
14019
7217
14739
8344
30073
17081
31293
11541
8913
1919
30141
19548
16870
7367
8859
13033
11539
19465
23225
28702
7933
27369
19582
10974
19667
7273
1844
3159
30164
12894
9903
19743
3090
17185
25136
6275
23158
18310
649
14876
19461
21778
897
18851
14433
18536
25721
18693
22931
29701
27728
26810
20231
10029
25733
26195
20952
8485
3995
14675
32335
17571
24258
576
22182
8067
10931
28666
25361
6843
29660
3915
4863
26257
28093
14526
17308
30476
22930
4277
3995
9384
29746
19894
19508
17741
31543
14598
22376
20866
3423
7545
7052
27103
27186
6280
27653
20672
21733
420
8017
11329
7807
23498
2631
9318
6970
1368
16543
12697
1836
6687
16052
12122
7718
15289
24713
1842
27357
13340
18954
2024
4423
9840
9365
15608
6216
16926
21945
23105
30350
11306
4926
4094
26298
4802
30821
23287
18112
7959
112
9465
1680
14699
2661
18819
27126
21355
18960
21186
8638
11456
19015
703
29
17889
25714
31960
19532
29995
20810
9069
31094
21043
14048
32219
17620
27483
22497
15022
32535
31139
18457
8722
1286
1730
18999
3211
11112
14710
15056
12774
8740
15384
11430
25712
4775
29043
6697
3173
32134
27606
20542
30635
7012
23144
30272
20928
17687
24764
22340
22514
9990
3237
20642
7630
17365
24140
2481
30170
2629
5759
22737
21127
597
16204
31151
13153
21934
8911
30916
29321
14141
9288
30751
1637
28194
12144
12645
2966
1993
12814
22806
11050
30038
21445
18193
12563
6215
24624
2139
26328
596
5937
15900
1675
27802
22405
28138
23035
10745
22428
10058
23082
6331
24744
8820
25346
22390
16373
15447
20291
16691
25208
29661
4288
29903
20138
19568
6347
27554
28823
14781
9454
25439
27697
30904
17372
7995
27115
31200
9894
17490
4483
16580
4658
21830
10015
23750
1258
4393
32412
24351
25777
14749
14627
29219
18715
1081
253
30150
13789
15151
14248
17760
22914
20780
18986
2733
9312
27776
8101
16920
19403
11647
22060
21561
3464
13351
16853
26780
18308
10499
25103
21956
14278
19790
16694
21103
30883
22108
29285
19484
3377
6198
8588
1739
4606
17285
27074
27140
26113
15025
26076
7962
24528
16969
12094
25777
25364
4262
16113
15230
27194
203
25846
20558
22636
27792
18906
18250
10176
29184
11915
19577
18351
10239
24170
3462
16328
1584
1953
196
27301
1045
28087
7535
23839
13176
10850
26933
19902
23050
28828
32500
4211
20043
1528
29382
31370
7081
26167
14139
17114
12780
17686
26597
12863
9169
25195
7450
14410
14581
25712
11509
14390
22261
11359
32158
8734
1492
22847
19659
11374
5021
27901
4231
16792
6985
18366
21811
30216
29410
28020
15562
6745
17641
18863
873
15817
22774
26039
11534
13546
20382
17623
16543
30875
21913
23291
13359
28983
4644
20862
28286
524
21669
3645
446
26895
17806
12528
925
18125
7811
31418
9855
25253
11711
21502
30731
32565
10420
25717
26858
21266
4593
29053
459
31164
13897
30388
27051
28881
1330
11462
8531
30080
18539
29315
6178
22081
32482
19509
32268
3267
24276
27952
30435
13350
17206
32682
4821
12139
2132
7885
12343
5161
7096
14091
10881
11649
17229
16562
31385
11091
24516
2240
11348
20914
11831
31736
19770
15510
19724
10293
14473
3025
2077
26623
25725
2885
12309
27740
5327
11091
285
6376
5755
23959
23737
26152
26823
10706
23276
15900
30593
3879
30371
1811
19080
1419
22865
20675
20110
13175
2518
22425
6939
11231
677
21070
22997
18536
29478
15803
13056
29654
12377
6894
25409
30915
6333
21373
24231
10391
28528
14362
9451
28340
29335
19816
10999
9201
12544
23310
32166
13898
25350
28937
459
30934
19125
22342
30068
12281
24367
7024
5744
11738
18254
12551
4622
4887
26507
22450
8744
1976
1823
15318
31584
98
20584
1383
28842
25549
12429
18686
28683
9336
23141
3884
15520
8860
28821
26127
2529
27230
6905
12578
23591
8776
2886
11097
21100
15866
13549
20334
15698
18717
15426
6773
10087
24217
24797
23735
12968
8200
26432
3261
28484
16746
17851
20651
4002
32026
6285
12752
7588
1025
8524
11898
5422
15881
21895
7695
2018
28372
16553
7001
11822
4783
15648
26914
2441
1985
18623
1281
31737
22408
30817
23667
30937
13447
20176
22573
13017
56
31461
12721
27462
27976
16624
18208
18060
4611
4953
24911
18937
32526
7816
8220
26307
11860
19459
259
13901
24130
214
13292
19366
11575
6968
12871
15954
2358
29547
19547
21070
18399
25572
8411
24910
31389
7340
12987
26953
21280
17926
4417
25655
11278
13906
18015
19738
2549
16177
32576
30267
10373
21994
8993
5302
26620
6925
19554
9528
12001
1366
22493
3592
5109
13267
32374
8772
25703
11081
11507
27246
23111
725
3599
22055
5949
17359
31433
15161
14203
243
17666
17883
4336
26819
4167
15921
29374
22311
11500
18195
30959
10839
10586
31247
18531
24314
3497
1201
18189
14224
30066
11009
9312
29453
31710
21326
17923
22214
11779
32554
27852
3985
30577
21942
9708
11816
15623
8992
23655
17103
6668
29033
7880
23607
29563
7788
27922
28065
21917
4892
8953
24646
20445
13
21074
21495
17113
17206
8649
21249
21685
23285
978
32083
32692
2643
23010
28387
28425
4746
22494
25933
7658
9668
15316
26813
27879
30502
11753
31760
8570
3085
23698
6198
991
12951
10503
30427
3877
16742
30709
28742
26502
1184
31347
28801
2804
31802
824
18362
28660
20343
15371
23017
1711
6571
20346
29107
20550
29765
23247
14990
103
25100
15424
9767
23838
32681
4454
16641
20717
7526
31217
14942
25374
9781
29337
9058
2648
30708
23640
10614
3441
4335
982
20459
26243
13991
15653
27871
23618
31186
26542
28005
17804
15266
28267
9440
11074
6218
6231
11184
15447
23231
15651
4369
18470
23995
12843
25663
13065
32264
936
22751
6439
507
20007
2714
5005
6719
19514
9227
21377
24531
27757
27867
2066
29526
891
810
16884
8579
28354
17457
18827
12536
15093
10278
6982
15675
8977
5472
32302
17150
31634
28348
26815
16802
24038
24895
10230
5627
10274
13565
31915
29267
9460
9529
8993
6065
28632
973
30940
13403
27023
11213
13490
2969
20686
1895
25893
19132
21299
11533
10480
12127
10876
22487
21984
25325
6651
16162
485
12131
24645
4478
8809
29015
28971
5831
13792
27450
3051
15761
11169
24026
423
6089
32244
2602
16405
2714
12908
70
29817
13710
13431
24498
23248
21750
15923
27874
3406
9099
17283
8192
26635
32597
4963
4329
21754
21964
9080
25721
5146
6974
14827
7944
21488
20848
27000
52
11828
24968
5058
19425
23755
19754
26090
9343
15093
31458
863
23180
26312
8642
21240
21849
5853
6220
8768
30992
30793
2706
4881
11766
10446
23451
1892
27886
8531
13833
32615
30015
9362
4089
7632
3990
1553
9771
18033
591
23891
12899
2829
6896
31055
24846
23147
28918
10273
18985
9640
17877
9984
29023
28625
9786
20080
4465
31666
12435
20152
14043
3048
9425
4247
28085
26942
8556
3635
1751
9014
12712
14418
14400
16101
4376
15308
7353
18436
18528
15169
22197
30789
1854
20743
23164
26851
24524
28006
9096
637
18175
25864
22831
7972
32372
17323
9859
4787
19308
14105
18807
3422
7957
9818
7491
3214
5131
18728
9225
19949
25886
21411
21432
30908
16726
2630
10801
29037
8500
21018
19624
2926
315
4393
13901
3395
9647
29494
14892
15063
19357
26283
23634
23060
27419
26067
17970
26033
28369
24649
23111
25163
1208
22705
11002
2488
27682
2725
22725
16536
25851
11506
7065
2604
9294
9221
31613
28268
29194
14496
31865
1619
21511
9938
16818
8830
27204
6437
27606
16373
24691
25625
14010
16201
6327
5585
6722
4575
29612
11789
29314
20875
22952
4696
29474
30304
26944
4739
27143
7879
28430
4433
5423
7631
2738
9588
4061
17348
9495
18104
6903
5379
7160
23423
17580
25356
18082
14957
13145
31705
14331
29796
6062
25455
25027
31411
2573
19378
32026
30090
22322
15997
23618
24242
25
11762
2471
13434
28956
24335
22556
22773
13405
25218
18536
29026
9059
4031
26625
23020
23560
13903
3351
404
31890
31083
5076
17003
27424
2505
227
2564
11336
12726
11567
26153
3326
26469
24301
18893
9143
22919
29660
7746
27855
10779
203
29868
1576
19336
2653
27574
19989
13289
15113
7555
26998
23208
14948
10728
29988
13390
2467
12504
26255
8345
2395
20767
24485
32464
3212
32595
31222
23635
7390
18696
19734
29046
21546
22596
13379
24719
28476
19251
5960
27470
32216
13339
15009
4685
21498
21905
23264
21224
8290
28398
5968
30543
19536
11517
28631
11481
2189
4854
23073
21660
11178
28592
12794
16954
17804
13074
2300
23805
3113
14283
6507
22311
1420
21826
24669
28547
4895
19920
8990
28992
16937
27950
25554
26111
1430
27433
2396
11819
15607
26269
15999
29577
11465
3232
19523
10768
19450
16382
29595
4858
2729
21734
2628
30235
30254
13538
24304
1394
24154
32524
10404
7934
24575
30848
1375
24786
30899
24845
19452
17260
2002
48
13657
11843
24770
32322
8377
15007
21115
24048
30567
6317
18502
10732
29597
19155
26564
10978
20131
11073
20531
14766
6715
28617
24301
460
18749
8176
7473
18447
11135
12613
15142
2454
24823
15857
15389
1789
2084
2448
14359
4048
11177
18495
22151
8773
13116
23542
26201
13098
23486
31769
14130
12828
31403
31561
6138
7674
4277
8064
7832
15769
28588
16477
7420
20665
30625
8124
26467
19768
12107
12426
20438
31878
15274
16344
31476
3417
31465
13357
29170
28066
18057
22305
5600
191
8380
23847
22574
1522
20751
8107
23662
17170
13388
15709
26459
18304
17311
5324
16155
23389
5879
19766
24769
28410
26287
24990
12054
7824
20590
25120
32409
7730
25420
24450
8900
8703
14134
13579
24721
5788
5011
9368
27197
15842
26919
30956
18508
979
9016
8776
21453
8147
5104
315
9695
22037
3
21436
8308
27987
3474
30838
29781
11458
6734
31843
18535
30277
15584
9884
26156
20704
30089
30320
3980
30576
20997
18355
25046
16282
2230
4440
27138
27906
20222
29251
20025
17597
28397
88
12439
29960
24604
3544
12079
9530
26584
22765
9551
16887
1155
22915
4614
22951
10296
8538
18404
7462
1710
601
18945
22717
31327
28454
31296
31058
17641
18931
31957
29147
11956
5531
29957
5401
18901
15597
32557
14210
23602
25671
3078
11647
13543
31080
295
31191
28905
30079
17100
16491
29417
1415
2773
20773
4732
3287
12562
24363
18040
13813
18621
14424
20129
1452
14152
4332
8325
9310
10330
14210
7076
20891
788
17731
18644
13809
17560
7770
10468
1798
25548
22183
22144
12773
8795
20152
32596
32662
28413
7413
30837
26609
15609
5914
29180
1715
29928
4075
3572
26322
25275
7459
24182
6158
17663
31149
3858
17097
24928
22550
15729
11800
17004
14659
17721
27674
666
7007
817
8329
18571
5400
21414
5518
22671
12555
20493
4826
24427
7548
4073
10994
23130
1099
28911
29386
16465
7971
10856
22422
20615
23541
12248
1757
10805
9637
9949
7375
4506
9475
29785
3288
1603
3580
9427
30837
3721
19730
13339
26695
23643
10505
30765
7014
12094
11491
13144
24823
6033
28175
4512
12289
32534
734
5472
29052
6830
15670
14132
12459
10596
32138
15637
9644
9389
12809
3270
20046
17902
22038
32112
2338
1343
1529
27785
26325
30063
31444
6649
9660
8520
728
3968
2993
19988
18872
5970
4638
18272
1374
1541
6231
6143
23262
23469
4141
21586
4008
70
22720
22983
23297
8018
15252
10144
27572
26306
16359
13558
30212
11546
18498
26621
24038
17105
11855
4745
20845
29430
20714
6097
26502
30490
18554
8051
5861
25193
13698
31161
6463
18458
23923
6427
3770
8458
2501
17669
30114
13475
23877
27098
19037
2307
5041
10808
25505
7770
24450
5502
24292
31124
23049
10123
12564
16953
14781
30153
12169
30609
17108
11627
9528
267
9744
18162
18473
7647
16860
4854
9003
30707
31127
1059
18374
24060
5936
23170
23665
26853
27379
5113
23301
4212
7586
17942
4978
29483
26824
17672
18096
21868
10570
15342
28153
7137
63
6741
566
17691
30209
31483
22455
9849
21380
26585
25126
28748
9703
8033
29886
15672
8265
16133
21176
12510
20446
30456
9222
27063
22082
11064
8772
19011
7693
9676
4588
23908
15783
15946
23497
23044
31838
6813
23214
2558
11701
27909
12647
6204
22271
21343
15600
2589
21293
15271
30437
26649
26853
29115
23610
22951
1748
14946
11308
14430
6724
8076
4983
24155
13297
20956
6090
13284
28440
17251
22392
16458
20178
24495
29040
16916
1440
1284
10607
4697
23367
8937
7284
22382
9438
8678
6517
19138
805
30861
29264
5637
23320
4535
22788
2960
15556
26640
7457
15873
11354
31446
23933
15141
386
32733
553
28188
20721
30423
4771
27831
5182
466
15437
13349
1009
9986
7454
6351
22494
24513
9880
28032
25009
6356
11514
9673
13769
2032
30390
30628
22090
31356
24613
16471
5229
409
26490
12443
7195
8032
13557
1022
23995
22890
29529
18310
19016
21654
3231
29591
5542
24070
7916
23830
29494
1387
15809
16847
168
11395
21361
29716
21264
12256
14041
27047
23100
3306
18763
12763
3653
10535
12491
5877
7013
7866
638
28376
8
12842
29023
24290
20774
21861
21812
5905
6351
23557
7617
18538
776
17617
1595
23195
19669
15495
7423
9439
10647
15833
29572
11810
4760
29365
2702
14438
13541
15049
20133
7013
29020
31559
14534
12919
8965
7141
26456
25015
8102
21801
17249
30305
9873
13283
1530
26239
12737
30203
12801
13253
23845
9324
22029
30137
22588
3729
10919
20247
5602
2720
24759
21107
11882
8052
13372
6688
10220
31631
5952
5969
6368
23903
2316
23678
22764
20672
28056
26377
13307
26051
31045
11298
21391
17581
1230
27880
21080
17219
23932
5584
11781
24389
26010
11595
2906
16953
6441
5539
131
12905
19157
9766
22952
5423
11559
24455
3009
26224
31739
16257
18860
18791
23093
30653
28540
5796
14256
3062
14357
2900
21367
7003
28918
32194
11832
22837
8277
15134
245
30921
20849
29310
3069
4224
31524
20770
21019
14405
13495
13308
5133
26415
11515
4719
8247
21600
6037
1624
19097
24365
1178
5451
8447
17023
22108
7967
12151
6008
18819
5548
26888
27482
17247
25043
2209
27813
23164
6591
32336
29568
19831
27755
15540
26970
23569
26212
31413
21457
13954
29649
15730
1747
30480
17328
15995
16899
23007
28770
577
15710
9995
4458
13003
26910
756
6770
4778
25822
6361
11150
7214
29184
21417
14021
8410
25932
6421
7886
32022
23513
15082
13079
13348
14129
4766
11532
2133
9392
31528
4757
25469
13357
7445
8672
9124
16861
16601
10850
8190
14195
7011
30488
31262
26764
18676
11795
3942
3659
27184
18739
7874
9792
6006
3123
30358
14479
7789
7141
16116
18766
15839
6847
13331
31022
21451
28311
25852
6494
12725
5035
19079
13996
2881
8420
19078
24558
13056
24924
31552
11168
6538
10013
15137
16590
17101
15148
28847
26421
9636
3782
1728
25253
10668
4585
30954
7593
14163
21270
1084
26474
3633
19542
20523
18641
21916
379
9167
13548
7030
21416
31568
6291
13642
11795
4507
3403
14231
28682
12889
13162
30572
14388
26657
30588
18997
29978
23276
18150
30677
24293
29386
30665
4853
15977
4820
26665
11163
9571
98
6223
4094
31743
19070
17515
3993
1950
17816
16766
29822
20181
28539
8567
9965
32441
20351
25244
12069
13658
9984
11820
2426
21901
1552
27203
168
18415
6249
8957
615
19750
16037
3806
8767
17770
18354
12914
16030
4421
24192
26416
31784
28566
32764
18852
2894
31964
3394
21198
27682
14257
19982
8389
9321
11925
30580
12959
7154
15085
2770
7061
4903
27979
8450
29027
26594
3824
30164
31214
7298
23696
18363
23593
21821
24149
24518
22585
16312
294
21970
19160
6356
21800
25855
32759
17611
5509
25696
6311
11645
23917
14327
2105
23300
11867
19936
27812
31374
11162
31692
17960
18284
12039
20657
21041
2662
6936
11968
3454
9042
3613
16792
8578
20709
23238
9401
16651
10952
27110
20027
14369
494
26998
4544
13105
6950
27869
20391
363
30700
25199
9346
22120
8581
563
11466
20240
10827
6633
12498
15803
22853
23115
19706
406
13306
2452
27173
27977
23175
16191
6765
214
27120
3345
11797
31428
22708
14681
5310
1150
420
28279
24286
32246
20724
923
29551
11405
18323
17103
19940
20791
18616
20536
22625
27098
26046
5784
13867
8696
7217
23832
4702
13966
14889
27205
18142
20796
23766
22616
28559
7845
15709
32442
15817
9241
16354
5319
8198
6258
30950
29139
4574
17467
7380
3690
10294
11544
3542
10972
11700
4193
31725
16121
25462
28945
19265
5914
14851
15583
13494
16993
5761
19626
21695
13889
30761
17434
7287
19264
4601
5253
22766
30459
11432
9999
17600
26475
25823
29206
22509
25448
6566
32205
18916
5227
7965
7206
31201
7576
2412
22518
12665
9212
9212
24404
30068
11283
26856
27969
22746
28813
3246
30351
1616
5713
29227
7675
29605
25027
6854
13213
29609
20802
26347
17282
6718
16629
15035
30615
9905
31688
23297
20680
26698
23985
5736
31594
20769
27448
3820
17110
11060
566
14223
26711
9143
2013
23117
24903
8363
14328
14929
16500
5298
31092
9833
20169
17698
23584
4024
5930
13912
9137
30891
27039
12879
1033
20526
6581
7537
29369
3359
31777
3500
12740
7682
26535
22473
30630
247
15674
1785
22676
6122
15205
29361
21766
3338
8425
26296
12659
23420
25256
4479
31579
20560
30913
11440
24459
6068
1789
5129
13725
10855
25706
15979
25790
12145
17989
19758
1460
9746
4637
9656
26143
27640
6966
18766
20734
29620
20268
24361
16502
16239
5592
9421
23759
29657
26743
14486
27840
5987
25609
29332
6892
20910
23288
16281
13484
16195
10746
12943
17935
11652
21560
16399
14111
21219
10928
22576
20070
22353
728
21149
15537
16633
16516
24811
5652
6447
14089
31529
23598
23971
9635
31416
32174
4571
21268
22365
28438
1248
3214
14996
16576
7991
3027
23847
22046
19730
2203
25344
8773
22728
31030
10555
3501
18819
18034
14976
26930
6712
30399
23952
4703
23773
5265
29213
11500
7638
21510
4063
5509
7088
15305
7140
29134
10001
21814
18472
419
16111
10175
12645
5540
15617
910
3884
20209
9843
24427
10805
3122
29918
19937
3316
10203
27511
19868
8812
27566
19591
30998
14152
23937
795
22899
4392
18753
5372
24745
4153
11319
28897
20195
3848
25994
27876
1832
29848
20485
2355
5943
11442
10523
19208
30390
31356
26920
17371
16780
22861
28922
6358
29068
24512
12432
7817
23379
22791
11041
23775
29299
2178
31841
3920
6353
19344
17151
30041
32075
3494
5234
1833
19870
17054
24053
25246
16263
23377
22224
1135
13609
26727
26586
8619
175
24430
11324
13666
2866
13866
28535
5793
25309
18476
19625
10916
29775
15014
21260
1864
29504
21118
21439
6591
13928
28833
15561
9607
2716
10394
9563
12189
16699
9571
28501
10734
32200
20603
8716
29454
1752
28472
25162
32300
7727
10847
11159
14150
9254
13298
11959
30617
2640
32585
31092
7772
22876
16228
19358
8621
20029
8064
15695
11212
21129
27112
6771
6279
21535
4366
6024
26357
16397
20186
17315
29543
9393
20034
23476
3484
16158
4891
25354
16180
30656
5167
9498
22119
4676
15247
1148
2295
5298
16683
15158
17251
10716
5023
28733
30814
764
17232
17977
1151
31897
9144
18313
31290
2730
5886
21383
27151
12286
14282
28941
31489
1243
21847
10808
26442
4326
30154
21867
12621
31810
21186
28567
9420
23548
1072
27578
30811
7591
19817
7078
8981
22083
16505
5636
14989
30820
11194
15768
27912
13712
1446
19911
27625
3816
19178
4182
23148
22794
699
8308
5271
14135
23917
24315
25198
20913
8514
31731
27495
19303
22912
14680
32285
15060
31686
19228
72
10789
30623
30832
6893
25242
25688
25152
30418
1838
16655
4860
7477
17018
31501
15262
20669
3031
11862
16873
29361
18371
21629
1006
18536
18310
21949
29909
13569
27669
12358
30426
15188
28726
10709
5782
23591
7653
16263
2944
9382
29430
18415
8627
269
30973
31590
28914
10152
21611
22178
1257
12285
20217
2955
23221
10824
24906
29769
22439
19239
32715
15522
7493
32663
11999
13699
24210
32031
8761
1756
6800
8779
27528
13233
24578
15196
31834
9327
32374
32574
32570
11132
18563
22714
19484
14353
19280
20461
31740
11084
8021
10233
24513
897
13926
1274
24167
20946
19181
11836
32349
11775
21623
16555
7724
7295
9586
25994
8282
6863
5684
24936
3726
17930
24896
3920
30708
20410
5317
7233
3811
13549
15720
5853
18878
27532
11843
10085
2840
31209
2606
997
5403
11415
29245
29868
19498
24190
32138
31999
3269
1838
24116
31759
6317
884
22439
23080
24393
19499
27166
5674
9545
3925
22375
18237
20361
24427
25830
26305
21816
27889
32477
30340
7481
32332
8427
22328
19145
6616
10194
25380
15715
5686
28797
8473
18400
1251
26689
9128
25315
11023
29283
26770
24180
31916
18138
19584
22251
19909
11863
26356
28944
11793
16259
25216
8576
8904
391
9526
851
12981
6098
23903
507
30861
23318
18032
23151
12159
916
14905
14218
28172
18586
25184
28077
