26  162 76  228 245 13  124 84  15  44  247 172 100 102 162
63  53  3   56  173 191 148 120 12  105 213 191 17  240 44
12  215 166 159 129 114 135 236 119 167 42  232 78  115 96
32  136 215 147 71  23  121 212 31  242 135 163 237 112 189
224 170 150 62  225 147 57  118 3   64  84  139 139 27  132
110 69  109 150 242 101 219 49  181 209 210 40  193 9   166
232 124 118 226 181 143 182 203 248 169 68  22  125 78  186
201 175 194 203 155 146 120 15  206 192 42  157 80  103 183
113 240 47  245 212 140 80  244 171 108 249 93  23  177 24
143 57  190 196 36  49  60  156 148 70  63  47  97  108 111
243 120 65  69  73  185 131 214 122 58  27  220 115 249 48
67  218 131 196 183 23  37  170 205 112 224 152 131 79  210
207 78  167 240 222 177 215 12  118 2   5   214 42  161 141
26  94  182 134 37  143 116 46  241 108 118 37  240 112 35
176 19  188 189 114 124 76  102 47  122 168 86  103 45  208
