79204184820988158024803493105836983081375802406435
51036024773415744060376405080242114924792139601075
02430722520984038024957680148228360247152985201687
24951024002486714007914902466859060674120578347197
40243781043260242518685021920165875700244054851285
02409277341672032286607274928260376024622056025990
54360240371070249024032771924575080361974024592889
78156121370087600402641105314560259905436047200212
50408617670246429161071760874024368740037491430708
07810840159085109859850774024668594092114611880375
60843420245312136382040251035460241184011064720024
85474420803900674085562180640971408327609353783192
07419643973420678315327860246496002950503264060344
18214034617368024965602431352011631424280672206050
63112295802432584056204359074822424083120445235086
40487832630024274768975102480912338079244001648040
24602439172437204067085091442024737190836268040560
80407502418095564858894404016760052748931208087888
02030767502496024686131360687085312260602146724046
25804594027093197402484714680851216303987802401727
